Dates,Stocks,Number of Stocks,Energy,Execution Time,Portfolio Value,Daily Return,Cumulative Return,Daily Long Return,Cumulative Long Return,Daily Short Return,Cumulative Short Return
2022-06-06,"{'long AKBNK.IS': 318.5738403842185, 'long AKSA.IS': 318.5738403842185, 'long ALBRK.IS': 318.5738403842185, 'long AYDEM.IS': 318.5738403842185, 'long BERA.IS': 318.5738403842185, 'long BUCIM.IS': 318.5738403842185, 'long CIMSA.IS': 318.5738403842185, 'long DEVA.IS': 318.5738403842185, 'long DOAS.IS': 318.5738403842185, 'long DOHOL.IS': 318.5738403842185, 'long EGEEN.IS': 318.5738403842185, 'long GWIND.IS': 318.5738403842185, 'long HALKB.IS': 318.5738403842185, 'long HEKTS.IS': 318.5738403842185, 'long ISDMR.IS': 318.5738403842185, 'long ISGYO.IS': 318.5738403842185, 'long KARSN.IS': 318.5738403842185, 'long KORDS.IS': 318.5738403842185, 'long KOZAL.IS': 318.5738403842185, 'long MAVI.IS': 318.5738403842185, 'long NTHOL.IS': 318.5738403842185, 'long ODAS.IS': 318.5738403842185, 'long OTKAR.IS': 318.5738403842185, 'long OYAKC.IS': 318.5738403842185, 'long SASA.IS': 318.5738403842185, 'long SELEC.IS': 318.5738403842185, 'long SOKM.IS': 318.5738403842185, 'long TRGYO.IS': 318.5738403842185, 'long TSKB.IS': 318.5738403842185, 'long VAKBN.IS': 318.5738403842185, 'long YKBNK.IS': 318.5738403842185, 'long YYLGD.IS': 318.5738403842185}",32,-0.0713010353123969,0.684227705001831,10194.36289229499,,,,,,
2022-06-07,"{'long AKBNK.IS': 228.08037995616584, 'long AKSA.IS': 228.08037995616584, 'long ALBRK.IS': 228.08037995616584, 'long ALKIM.IS': 228.08037995616584, 'long AYDEM.IS': 228.08037995616584, 'long BAGFS.IS': 228.08037995616584, 'long BERA.IS': 228.08037995616584, 'long BIMAS.IS': 228.08037995616584, 'long BRYAT.IS': 228.08037995616584, 'long BUCIM.IS': 228.08037995616584, 'long CCOLA.IS': 228.08037995616584, 'long CIMSA.IS': 228.08037995616584, 'long DOAS.IS': 228.08037995616584, 'long DOHOL.IS': 228.08037995616584, 'long ECILC.IS': 228.08037995616584, 'long EGEEN.IS': 228.08037995616584, 'long ERBOS.IS': 228.08037995616584, 'long FROTO.IS': 228.08037995616584, 'long GWIND.IS': 228.08037995616584, 'long HALKB.IS': 228.08037995616584, 'long HEKTS.IS': 228.08037995616584, 'long ISCTR.IS': 228.08037995616584, 'long ISDMR.IS': 228.08037995616584, 'long ISGYO.IS': 228.08037995616584, 'long JANTS.IS': 228.08037995616584, 'long KARSN.IS': 228.08037995616584, 'long KARTN.IS': 228.08037995616584, 'long KORDS.IS': 228.08037995616584, 'long LOGO.IS': 228.08037995616584, 'long MAVI.IS': 228.08037995616584, 'long MGROS.IS': 228.08037995616584, 'long NTHOL.IS': 228.08037995616584, 'long ODAS.IS': 228.08037995616584, 'long OTKAR.IS': 228.08037995616584, 'long OYAKC.IS': 228.08037995616584, 'long SASA.IS': 228.08037995616584, 'long SELEC.IS': 228.08037995616584, 'long SOKM.IS': 228.08037995616584, 'long TMSN.IS': 228.08037995616584, 'long TOASO.IS': 228.08037995616584, 'long TRGYO.IS': 228.08037995616584, 'long ULKER.IS': 228.08037995616584, 'long VAKBN.IS': 228.08037995616584, 'long YKBNK.IS': 228.08037995616584, 'long YYLGD.IS': 228.08037995616584}",45,-0.081538160436409,0.7093687057495117,10067.933824275387,0.0067933824275387,0.006793382427538797,0.0067933824275387,0.0263617098027462,0.0,0.0
2022-06-08,"{'long AKSA.IS': 228.6561164401462, 'long ALBRK.IS': 228.6561164401462, 'long ALKIM.IS': 228.6561164401462, 'long AYDEM.IS': 228.6561164401462, 'long BERA.IS': 228.6561164401462, 'long BUCIM.IS': 228.6561164401462, 'long CCOLA.IS': 228.6561164401462, 'long CEMTS.IS': 228.6561164401462, 'long CIMSA.IS': 228.6561164401462, 'long DOAS.IS': 228.6561164401462, 'long DOHOL.IS': 228.6561164401462, 'long EGEEN.IS': 228.6561164401462, 'long ENJSA.IS': 228.6561164401462, 'long ENKAI.IS': 228.6561164401462, 'long ERBOS.IS': 228.6561164401462, 'long GWIND.IS': 228.6561164401462, 'long HALKB.IS': 228.6561164401462, 'long HEKTS.IS': 228.6561164401462, 'long ISDMR.IS': 228.6561164401462, 'long ISFIN.IS': 228.6561164401462, 'long JANTS.IS': 228.6561164401462, 'long KARSN.IS': 228.6561164401462, 'long KARTN.IS': 228.6561164401462, 'long KORDS.IS': 228.6561164401462, 'long KOZAL.IS': 228.6561164401462, 'long MAVI.IS': 228.6561164401462, 'long MGROS.IS': 228.6561164401462, 'long NTHOL.IS': 228.6561164401462, 'long ODAS.IS': 228.6561164401462, 'long OTKAR.IS': 228.6561164401462, 'long OYAKC.IS': 228.6561164401462, 'long QUAGR.IS': 228.6561164401462, 'long SASA.IS': 228.6561164401462, 'long SELEC.IS': 228.6561164401462, 'long SISE.IS': 228.6561164401462, 'long SOKM.IS': 228.6561164401462, 'long TMSN.IS': 228.6561164401462, 'long TRGYO.IS': 228.6561164401462, 'long TUKAS.IS': 228.6561164401462, 'long TUPRS.IS': 228.6561164401462, 'long VAKBN.IS': 228.6561164401462, 'long YATAS.IS': 228.6561164401462, 'long YYLGD.IS': 228.6561164401462}",43,-0.0835791278121089,0.7095770835876465,9644.754763789682,-0.0420323641247377,-0.035524523621031756,-0.0420323641247377,-0.0167786993073713,0.0,0.0
2022-06-09,"{'long AKSA.IS': 833.2283817235048, 'long BERA.IS': 833.2283817235048, 'long CCOLA.IS': 833.2283817235048, 'long ENKAI.IS': 833.2283817235048, 'long KORDS.IS': 833.2283817235048, 'long SASA.IS': 833.2283817235048, 'long SNGYO.IS': 833.2283817235048, 'long SOKM.IS': 833.2283817235048, 'long TAVHL.IS': 833.2283817235048, 'long TMSN.IS': 833.2283817235048, 'long TTRAK.IS': 833.2283817235048, 'long TUKAS.IS': 833.2283817235048}",12,-0.0217962196063176,0.590400218963623,9808.107369062967,0.0169369371512252,-0.01918926309370328,0.0169369371512252,-0.0001259419317943,0.0,0.0
2022-06-10,"{'long AKSA.IS': 776.4367452082101, 'long BERA.IS': 776.4367452082101, 'long CCOLA.IS': 776.4367452082101, 'long ENKAI.IS': 776.4367452082101, 'long MAVI.IS': 776.4367452082101, 'long PGSUS.IS': 776.4367452082101, 'long SASA.IS': 776.4367452082101, 'long SNGYO.IS': 776.4367452082101, 'long SOKM.IS': 776.4367452082101, 'long TAVHL.IS': 776.4367452082101, 'long TMSN.IS': 776.4367452082101, 'long TTRAK.IS': 776.4367452082101, 'long TUKAS.IS': 776.4367452082101}",13,-0.0269380478581077,0.6003491878509521,9901.234431565745,0.0094949065093354,-0.009876556843425588,0.0094949065093354,0.009367768770673,0.0,0.0
2022-06-13,"{'long AKSA.IS': 766.8470201328157, 'long BERA.IS': 766.8470201328157, 'long CCOLA.IS': 766.8470201328157, 'long ENKAI.IS': 766.8470201328157, 'long MAVI.IS': 766.8470201328157, 'long SASA.IS': 766.8470201328157, 'long SNGYO.IS': 766.8470201328157, 'long TAVHL.IS': 766.8470201328157, 'long TMSN.IS': 766.8470201328157, 'long TTRAK.IS': 766.8470201328157, 'long TUKAS.IS': 766.8470201328157, 'long YATAS.IS': 766.8470201328157, 'long YYLGD.IS': 766.8470201328157}",13,-0.0260377572925433,0.66455078125,9778.944861047952,-0.0123509418308413,-0.022105513895204765,-0.0123509418308413,-0.0030988738273397,0.0,0.0
2022-06-14,"{'long AKSA.IS': 1250.8922111783863, 'long BERA.IS': 1250.8922111783863, 'long CCOLA.IS': 1250.8922111783863, 'long ISCTR.IS': 1250.8922111783863, 'long MAVI.IS': 1250.8922111783863, 'long SNGYO.IS': 1250.8922111783863, 'long TUKAS.IS': 1250.8922111783863, 'long YYLGD.IS': 1250.8922111783863}",8,-0.0163081686035022,0.5879251956939697,9816.344380864244,0.003824494395634,-0.018365561913575523,0.003824494395634,0.0007137689427088,0.0,0.0
2022-06-15,"{'long AKSA.IS': 915.4394850257625, 'long BERA.IS': 915.4394850257625, 'long CCOLA.IS': 915.4394850257625, 'long CIMSA.IS': 915.4394850257625, 'long EGEEN.IS': 915.4394850257625, 'long ENKAI.IS': 915.4394850257625, 'long MAVI.IS': 915.4394850257625, 'long SASA.IS': 915.4394850257625, 'long SNGYO.IS': 915.4394850257625, 'long TUKAS.IS': 915.4394850257625, 'long YYLGD.IS': 915.4394850257625}",11,-0.0129122135911162,0.6490585803985596,9877.845669879258,0.0062651926856705,-0.012215433012074173,0.0062651926856705,0.0069834335283385,0.0,0.0
2022-06-16,"{'long AGHOL.IS': 905.4413286412718, 'long AKSA.IS': 905.4413286412718, 'long BERA.IS': 905.4413286412718, 'long CIMSA.IS': 905.4413286412718, 'long DOAS.IS': 905.4413286412718, 'long ENKAI.IS': 905.4413286412718, 'long MAVI.IS': 905.4413286412718, 'long SASA.IS': 905.4413286412718, 'long SNGYO.IS': 905.4413286412718, 'long TAVHL.IS': 905.4413286412718, 'long TUKAS.IS': 905.4413286412718}",11,-0.0139850877853711,0.6169273853302002,9769.962792458326,-0.0109217010496431,-0.023003720754167456,-0.0109217010496431,-0.0040145384946012,0.0,0.0
2022-06-17,"{'long AGHOL.IS': 1257.4671360635566, 'long BERA.IS': 1257.4671360635566, 'long DOAS.IS': 1257.4671360635566, 'long EGEEN.IS': 1257.4671360635566, 'long SASA.IS': 1257.4671360635566, 'long SNGYO.IS': 1257.4671360635566, 'long TSPOR.IS': 1257.4671360635566, 'long TUKAS.IS': 1257.4671360635566}",8,-0.0116086251931602,0.6363663673400879,9867.94093440769,0.0100285071735378,-0.013205906559230929,0.0100285071735378,0.0059737088508451,0.0,0.0
2022-06-20,"{'long AGHOL.IS': 919.6892776077381, 'long BERA.IS': 919.6892776077381, 'long CCOLA.IS': 919.6892776077381, 'long DOAS.IS': 919.6892776077381, 'long EGEEN.IS': 919.6892776077381, 'long SASA.IS': 919.6892776077381, 'long SNGYO.IS': 919.6892776077381, 'long TAVHL.IS': 919.6892776077381, 'long TSPOR.IS': 919.6892776077381, 'long TUKAS.IS': 919.6892776077381, 'long YYLGD.IS': 919.6892776077381}",11,-0.0133529687804004,0.6892130374908447,9923.702109262109,0.0056507406383017,-0.007629789073789084,0.0056507406383017,0.0116582053685116,0.0,0.0
2022-06-21,"{'long AGHOL.IS': 930.100614638926, 'long CCOLA.IS': 930.100614638926, 'long DOAS.IS': 930.100614638926, 'long EGEEN.IS': 930.100614638926, 'long PGSUS.IS': 930.100614638926, 'long SNGYO.IS': 930.100614638926, 'long TAVHL.IS': 930.100614638926, 'long TKFEN.IS': 930.100614638926, 'long TSPOR.IS': 930.100614638926, 'long TUKAS.IS': 930.100614638926, 'long YYLGD.IS': 930.100614638926}",11,-0.0149094472942438,0.6425631046295166,10036.043320334382,0.0113204940893401,0.00360433203343824,0.0113204940893401,0.0231106761028183,0.0,0.0
2022-06-22,"{'long AGHOL.IS': 1038.0287018125744, 'long BERA.IS': 1038.0287018125744, 'long CCOLA.IS': 1038.0287018125744, 'long DOAS.IS': 1038.0287018125744, 'long EGEEN.IS': 1038.0287018125744, 'long SNGYO.IS': 1038.0287018125744, 'long TAVHL.IS': 1038.0287018125744, 'long TKFEN.IS': 1038.0287018125744, 'long TTRAK.IS': 1038.0287018125744, 'long YYLGD.IS': 1038.0287018125744}",10,-0.014938213082968,0.6671445369720459,10182.37934807213,0.0145810478359785,0.01823793480721303,0.0145810478359785,0.038028701812574,0.0,0.0
2022-06-23,"{'long AGHOL.IS': 1058.1126869259738, 'long BERA.IS': 1058.1126869259738, 'long DOAS.IS': 1058.1126869259738, 'long EGEEN.IS': 1058.1126869259738, 'long MAVI.IS': 1058.1126869259738, 'long MGROS.IS': 1058.1126869259738, 'long SNGYO.IS': 1058.1126869259738, 'long TAVHL.IS': 1058.1126869259738, 'long TTRAK.IS': 1058.1126869259738, 'long YYLGD.IS': 1058.1126869259738}",10,-0.0162197633654253,0.6906383037567139,10379.390042370438,0.0193481982514832,0.03793900423704377,0.0193481982514832,0.0581126869259733,0.0,0.0
2022-06-24,"{'long AGHOL.IS': 594.7670032508493, 'long AKFGY.IS': 594.7670032508493, 'long ALKIM.IS': 594.7670032508493, 'long AYDEM.IS': 594.7670032508493, 'long BERA.IS': 594.7670032508493, 'long BIMAS.IS': 594.7670032508493, 'long DOAS.IS': 594.7670032508493, 'long EGEEN.IS': 594.7670032508493, 'long GWIND.IS': 594.7670032508493, 'long KCHOL.IS': 594.7670032508493, 'long MAVI.IS': 594.7670032508493, 'long MGROS.IS': 594.7670032508493, 'long ODAS.IS': 594.7670032508493, 'long SNGYO.IS': 594.7670032508493, 'long TKFEN.IS': 594.7670032508493, 'long TSPOR.IS': 594.7670032508493, 'long TUKAS.IS': 594.7670032508493, 'long YYLGD.IS': 594.7670032508493}",18,-0.0275894402568738,0.692084550857544,10501.692132822587,0.0117831674070337,0.05016921328225865,0.0117831674070337,0.0705806058515283,0.0,0.0
2022-06-27,"{'long AGHOL.IS': 620.1617915918409, 'long AYDEM.IS': 620.1617915918409, 'long BERA.IS': 620.1617915918409, 'long BIMAS.IS': 620.1617915918409, 'long BRYAT.IS': 620.1617915918409, 'long BUCIM.IS': 620.1617915918409, 'long DOAS.IS': 620.1617915918409, 'long ECILC.IS': 620.1617915918409, 'long EGEEN.IS': 620.1617915918409, 'long KARTN.IS': 620.1617915918409, 'long MAVI.IS': 620.1617915918409, 'long MGROS.IS': 620.1617915918409, 'long SNGYO.IS': 620.1617915918409, 'long TKFEN.IS': 620.1617915918409, 'long TRGYO.IS': 620.1617915918409, 'long TSPOR.IS': 620.1617915918409, 'long YYLGD.IS': 620.1617915918409}",17,-0.0267454475555988,0.6654467582702637,10341.745304191216,-0.0152305768068998,0.03417453041912166,-0.0152305768068998,0.0542750457061291,0.0,0.0
2022-06-28,"{'long AGHOL.IS': 819.6661124944789, 'long BERA.IS': 819.6661124944789, 'long DOAS.IS': 819.6661124944789, 'long EGEEN.IS': 819.6661124944789, 'long ISMEN.IS': 819.6661124944789, 'long MAVI.IS': 819.6661124944789, 'long MGROS.IS': 819.6661124944789, 'long QUAGR.IS': 819.6661124944789, 'long SNGYO.IS': 819.6661124944789, 'long TKFEN.IS': 819.6661124944789, 'long TSPOR.IS': 819.6661124944789, 'long TUPRS.IS': 819.6661124944789, 'long YYLGD.IS': 819.6661124944789}",13,-0.0104939705709111,0.6507852077484131,10452.501617812604,0.0107096346277743,0.0452501617812604,0.0107096346277743,0.0655659462428219,0.0,0.0
2022-06-29,"{'long AGHOL.IS': 948.7706778420139, 'long BERA.IS': 948.7706778420139, 'long BRYAT.IS': 948.7706778420139, 'long EGEEN.IS': 948.7706778420139, 'long GOZDE.IS': 948.7706778420139, 'long ISMEN.IS': 948.7706778420139, 'long KARTN.IS': 948.7706778420139, 'long MGROS.IS': 948.7706778420139, 'long SNGYO.IS': 948.7706778420139, 'long TUPRS.IS': 948.7706778420139, 'long TURSG.IS': 948.7706778420139}",11,-0.0134617601901031,0.8264966011047363,10237.498474917102,-0.020569539308093,0.023749847491710163,-0.020569539308093,0.0436477456262149,0.0,0.0
2022-06-30,"{'long AGHOL.IS': 1701.4670909457411, 'long BERA.IS': 1701.4670909457411, 'long ECILC.IS': 1701.4670909457411, 'long SNGYO.IS': 1701.4670909457411, 'long TURSG.IS': 1701.4670909457411, 'long YYLGD.IS': 1701.4670909457411}",6,-0.0084045261509233,0.6719624996185303,10014.164350957491,-0.0218153022935047,0.001416435095749069,-0.0218153022935047,0.0208802545674444,0.0,0.0
2022-07-01,"{'long AGHOL.IS': 1725.8273079128335, 'long ISGYO.IS': 1725.8273079128335, 'long MAVI.IS': 1725.8273079128335, 'long NUGYO.IS': 1725.8273079128335, 'long SNGYO.IS': 1725.8273079128335, 'long YYLGD.IS': 1725.8273079128335}",6,-0.0062722227414131,0.6722667217254639,10157.538981963637,0.0143171837390942,0.015753898196363636,0.0143171837390942,0.0354963847476998,0.0,0.0
2022-07-04,"{'long AGHOL.IS': 1022.8650067375826, 'long AYDEM.IS': 1022.8650067375826, 'long EKGYO.IS': 1022.8650067375826, 'long ISGYO.IS': 1022.8650067375826, 'long MAVI.IS': 1022.8650067375826, 'long NUGYO.IS': 1022.8650067375826, 'long SNGYO.IS': 1022.8650067375826, 'long TUPRS.IS': 1022.8650067375826, 'long TURSG.IS': 1022.8650067375826, 'long YYLGD.IS': 1022.8650067375826}",10,-0.0090313310796129,0.6154744625091553,10033.633465321056,-0.0121983796333535,0.003363346532105682,-0.0121983796333535,0.0228650067375824,0.0,0.0
2022-07-05,"{'long CCOLA.IS': 1258.5373733798417, 'long ECILC.IS': 1258.5373733798417, 'long EKGYO.IS': 1258.5373733798417, 'long ISGYO.IS': 1258.5373733798417, 'long OYAKC.IS': 1258.5373733798417, 'long SNGYO.IS': 1258.5373733798417, 'long TURSG.IS': 1258.5373733798417, 'long YYLGD.IS': 1258.5373733798417}",8,-0.0065979154384443,0.638594388961792,9876.33959415792,-0.01567666107266,-0.012366040584207982,-0.01567666107266,0.0068298987038732,0.0,0.0
2022-07-06,{'long ISGYO.IS': 10215.26135977574},1,-0.0023910827013522,0.6262331008911133,10020.500023102511,0.014596544354334,0.002050002310251209,0.014596544354334,0.021526135977574,0.0,0.0
2022-07-07,"{'long ECILC.IS': 1753.0706633516356, 'long ISGYO.IS': 1753.0706633516356, 'long NUGYO.IS': 1753.0706633516356, 'long SNGYO.IS': 1753.0706633516356, 'long TCELL.IS': 1753.0706633516356, 'long YATAS.IS': 1753.0706633516356}",6,-0.0064110416738299,0.6740846633911133,10317.882629094698,0.0296774218159336,0.0317882629094699,0.0296774218159336,0.0518423980109812,0.0,0.0
2022-07-08,"{'long ECILC.IS': 1495.7929269764763, 'long GWIND.IS': 1495.7929269764763, 'long ISGYO.IS': 1495.7929269764763, 'long SELEC.IS': 1495.7929269764763, 'long SNGYO.IS': 1495.7929269764763, 'long YATAS.IS': 1495.7929269764763, 'long YYLGD.IS': 1495.7929269764763}",7,-0.0083870511711695,0.7233498096466064,10270.921880512107,-0.0045513939507483,0.02709218805121072,-0.0045513939507483,0.0470550488835335,0.0,0.0
2022-07-13,"{'long AEFES.IS': 1788.348057215746, 'long AGHOL.IS': 1788.348057215746, 'long ECILC.IS': 1788.348057215746, 'long GUBRF.IS': 1788.348057215746, 'long ISGYO.IS': 1788.348057215746, 'long SELEC.IS': 1788.348057215746}",6,-0.0083738574843842,0.6884350776672363,10525.511458302495,0.0247874125372761,0.052551145830249446,0.0247874125372761,0.0730088343294474,0.0,0.0
2022-07-14,"{'long AGHOL.IS': 1534.2101323906572, 'long ECILC.IS': 1534.2101323906572, 'long GWIND.IS': 1534.2101323906572, 'long ISGYO.IS': 1534.2101323906572, 'long KONTR.IS': 1534.2101323906572, 'long LOGO.IS': 1534.2101323906572, 'long SELEC.IS': 1534.2101323906572}",7,-0.0112753056350911,0.6947879791259766,10534.715156011958,0.0008744180979636,0.053471515601195785,0.0008744180979636,0.07394709267346,0.0,0.0
2022-07-18,"{'long AGHOL.IS': 1089.8379092946182, 'long DOAS.IS': 1089.8379092946182, 'long ECILC.IS': 1089.8379092946182, 'long EKGYO.IS': 1089.8379092946182, 'long ISGYO.IS': 1089.8379092946182, 'long LOGO.IS': 1089.8379092946182, 'long NUGYO.IS': 1089.8379092946182, 'long ODAS.IS': 1089.8379092946182, 'long SNGYO.IS': 1089.8379092946182, 'long TURSG.IS': 1089.8379092946182}",10,-0.0124914063277595,0.6418793201446533,10690.593623249653,0.0147966475532791,0.06905936232496535,0.0147966475532791,0.0898379092946182,0.0,0.0
2022-07-19,"{'long AEFES.IS': 999.2601041958209, 'long AGHOL.IS': 999.2601041958209, 'long ECILC.IS': 999.2601041958209, 'long EKGYO.IS': 999.2601041958209, 'long GWIND.IS': 999.2601041958209, 'long ISGYO.IS': 999.2601041958209, 'long NUGYO.IS': 999.2601041958209, 'long ODAS.IS': 999.2601041958209, 'long TMSN.IS': 999.2601041958209, 'long TURSG.IS': 999.2601041958209, 'long YATAS.IS': 999.2601041958209}",11,-0.0146318927683106,0.6708049774169922,10782.293373587661,0.0085776107080321,0.07822933735876614,0.0085776107080321,0.0991861146154031,0.0,0.0
2022-07-20,"{'long AEFES.IS': 851.5422123461498, 'long AGHOL.IS': 851.5422123461498, 'long BUCIM.IS': 851.5422123461498, 'long CCOLA.IS': 851.5422123461498, 'long ECILC.IS': 851.5422123461498, 'long EKGYO.IS': 851.5422123461498, 'long HEKTS.IS': 851.5422123461498, 'long ISCTR.IS': 851.5422123461498, 'long ISGYO.IS': 851.5422123461498, 'long LOGO.IS': 851.5422123461498, 'long ODAS.IS': 851.5422123461498, 'long SKBNK.IS': 851.5422123461498, 'long YATAS.IS': 851.5422123461498}",13,-0.0223815271465858,0.746755838394165,10858.99028458836,0.0071132279880805,0.08589902845883612,0.0071132279880805,0.1070048760499948,0.0,0.0
2022-07-21,"{'long AEFES.IS': 653.7700913294735, 'long AGHOL.IS': 653.7700913294735, 'long CCOLA.IS': 653.7700913294735, 'long CEMTS.IS': 653.7700913294735, 'long ECILC.IS': 653.7700913294735, 'long EKGYO.IS': 653.7700913294735, 'long HEKTS.IS': 653.7700913294735, 'long ISFIN.IS': 653.7700913294735, 'long ISGYO.IS': 653.7700913294735, 'long LOGO.IS': 653.7700913294735, 'long MGROS.IS': 653.7700913294735, 'long ODAS.IS': 653.7700913294735, 'long SKBNK.IS': 653.7700913294735, 'long TCELL.IS': 653.7700913294735, 'long TURSG.IS': 653.7700913294735, 'long YATAS.IS': 653.7700913294735, 'long YYLGD.IS': 653.7700913294735}",17,-0.025015837153573,0.6960041522979736,10902.193369044371,0.0039785544810115,0.09021933690443706,0.0039785544810115,0.1114091552601053,0.0,0.0
2022-07-22,"{'long AGHOL.IS': 744.2531289295378, 'long AKFGY.IS': 744.2531289295378, 'long BUCIM.IS': 744.2531289295378, 'long ECILC.IS': 744.2531289295378, 'long EKGYO.IS': 744.2531289295378, 'long GOZDE.IS': 744.2531289295378, 'long ISFIN.IS': 744.2531289295378, 'long ISGYO.IS': 744.2531289295378, 'long LOGO.IS': 744.2531289295378, 'long MGROS.IS': 744.2531289295378, 'long ODAS.IS': 744.2531289295378, 'long OTKAR.IS': 744.2531289295378, 'long SKBNK.IS': 744.2531289295378, 'long YATAS.IS': 744.2531289295378, 'long YYLGD.IS': 744.2531289295378}",15,-0.0212911381744156,0.6611757278442383,10950.951081387124,0.0044722846763289,0.09509510813871236,0.0044722846763289,0.1163796933943068,0.0,0.0
2022-07-25,"{'long AGHOL.IS': 469.0975263890999, 'long AKFGY.IS': 469.0975263890999, 'long AKSA.IS': 469.0975263890999, 'long BUCIM.IS': 469.0975263890999, 'long CEMTS.IS': 469.0975263890999, 'long EKGYO.IS': 469.0975263890999, 'long ERBOS.IS': 469.0975263890999, 'long GOZDE.IS': 469.0975263890999, 'long GUBRF.IS': 469.0975263890999, 'long GWIND.IS': 469.0975263890999, 'long HEKTS.IS': 469.0975263890999, 'long ISDMR.IS': 469.0975263890999, 'long ISGYO.IS': 469.0975263890999, 'long LOGO.IS': 469.0975263890999, 'long MGROS.IS': 469.0975263890999, 'long NUGYO.IS': 469.0975263890999, 'long ODAS.IS': 469.0975263890999, 'long OTKAR.IS': 469.0975263890999, 'long SKBNK.IS': 469.0975263890999, 'long SNGYO.IS': 469.0975263890999, 'long TKFEN.IS': 469.0975263890999, 'long TSKB.IS': 469.0975263890999, 'long VAKBN.IS': 469.0975263890999, 'long YYLGD.IS': 469.0975263890999}",24,-0.0306198420262696,0.6300375461578369,11043.692236861185,0.0084687763450692,0.10436922368611845,0.0084687763450692,0.1258340633338401,0.0,0.0
2022-07-26,"{'long AEFES.IS': 304.5608802348209, 'long AGHOL.IS': 304.5608802348209, 'long AKFGY.IS': 304.5608802348209, 'long ALBRK.IS': 304.5608802348209, 'long ALKIM.IS': 304.5608802348209, 'long BUCIM.IS': 304.5608802348209, 'long CCOLA.IS': 304.5608802348209, 'long CEMTS.IS': 304.5608802348209, 'long CIMSA.IS': 304.5608802348209, 'long DOAS.IS': 304.5608802348209, 'long EKGYO.IS': 304.5608802348209, 'long ENJSA.IS': 304.5608802348209, 'long ERBOS.IS': 304.5608802348209, 'long GOZDE.IS': 304.5608802348209, 'long GUBRF.IS': 304.5608802348209, 'long GWIND.IS': 304.5608802348209, 'long HALKB.IS': 304.5608802348209, 'long ISDMR.IS': 304.5608802348209, 'long ISFIN.IS': 304.5608802348209, 'long ISGYO.IS': 304.5608802348209, 'long ISMEN.IS': 304.5608802348209, 'long JANTS.IS': 304.5608802348209, 'long KARTN.IS': 304.5608802348209, 'long LOGO.IS': 304.5608802348209, 'long MAVI.IS': 304.5608802348209, 'long MGROS.IS': 304.5608802348209, 'long ODAS.IS': 304.5608802348209, 'long OTKAR.IS': 304.5608802348209, 'long SKBNK.IS': 304.5608802348209, 'long SNGYO.IS': 304.5608802348209, 'long SOKM.IS': 304.5608802348209, 'long TKFEN.IS': 304.5608802348209, 'long TMSN.IS': 304.5608802348209, 'long TSKB.IS': 304.5608802348209, 'long TTRAK.IS': 304.5608802348209, 'long VAKBN.IS': 304.5608802348209, 'long YYLGD.IS': 304.5608802348209}",37,-0.050872105002969,0.5361301898956299,11053.905661142797,0.0009248197126974,0.10539056611427977,0.0009248197126974,0.1268752568688376,0.0,0.0
2022-07-27,"{'long AEFES.IS': 299.1897712842497, 'long AGHOL.IS': 299.1897712842497, 'long AKFGY.IS': 299.1897712842497, 'long ALKIM.IS': 299.1897712842497, 'long AYDEM.IS': 299.1897712842497, 'long BRYAT.IS': 299.1897712842497, 'long BUCIM.IS': 299.1897712842497, 'long CEMTS.IS': 299.1897712842497, 'long CIMSA.IS': 299.1897712842497, 'long DEVA.IS': 299.1897712842497, 'long DOAS.IS': 299.1897712842497, 'long EKGYO.IS': 299.1897712842497, 'long ENJSA.IS': 299.1897712842497, 'long ERBOS.IS': 299.1897712842497, 'long FROTO.IS': 299.1897712842497, 'long GOZDE.IS': 299.1897712842497, 'long GWIND.IS': 299.1897712842497, 'long ISGYO.IS': 299.1897712842497, 'long ISMEN.IS': 299.1897712842497, 'long KOZAA.IS': 299.1897712842497, 'long LOGO.IS': 299.1897712842497, 'long MAVI.IS': 299.1897712842497, 'long MGROS.IS': 299.1897712842497, 'long NUGYO.IS': 299.1897712842497, 'long ODAS.IS': 299.1897712842497, 'long OTKAR.IS': 299.1897712842497, 'long QUAGR.IS': 299.1897712842497, 'long SELEC.IS': 299.1897712842497, 'long SKBNK.IS': 299.1897712842497, 'long SNGYO.IS': 299.1897712842497, 'long SOKM.IS': 299.1897712842497, 'long TKFEN.IS': 299.1897712842497, 'long TMSN.IS': 299.1897712842497, 'long TSKB.IS': 299.1897712842497, 'long TTRAK.IS': 299.1897712842497, 'long TURSG.IS': 299.1897712842497, 'long VAKBN.IS': 299.1897712842497, 'long YYLGD.IS': 299.1897712842497}",38,-0.044811186263894,0.4116427898406982,11152.44908281071,0.0089148057427627,0.11524490828107092,0.0089148057427627,0.1369211308801492,0.0,0.0
2022-07-28,"{'long AEFES.IS': 326.3197414227119, 'long AGHOL.IS': 326.3197414227119, 'long AKFGY.IS': 326.3197414227119, 'long AYDEM.IS': 326.3197414227119, 'long BUCIM.IS': 326.3197414227119, 'long CEMTS.IS': 326.3197414227119, 'long CIMSA.IS': 326.3197414227119, 'long DEVA.IS': 326.3197414227119, 'long DOAS.IS': 326.3197414227119, 'long EKGYO.IS': 326.3197414227119, 'long ENJSA.IS': 326.3197414227119, 'long ERBOS.IS': 326.3197414227119, 'long FROTO.IS': 326.3197414227119, 'long GOZDE.IS': 326.3197414227119, 'long GUBRF.IS': 326.3197414227119, 'long GWIND.IS': 326.3197414227119, 'long ISGYO.IS': 326.3197414227119, 'long LOGO.IS': 326.3197414227119, 'long MAVI.IS': 326.3197414227119, 'long MGROS.IS': 326.3197414227119, 'long NTHOL.IS': 326.3197414227119, 'long ODAS.IS': 326.3197414227119, 'long OTKAR.IS': 326.3197414227119, 'long PRKAB.IS': 326.3197414227119, 'long QUAGR.IS': 326.3197414227119, 'long SELEC.IS': 326.3197414227119, 'long SKBNK.IS': 326.3197414227119, 'long SOKM.IS': 326.3197414227119, 'long TKFEN.IS': 326.3197414227119, 'long TMSN.IS': 326.3197414227119, 'long TOASO.IS': 326.3197414227119, 'long TSKB.IS': 326.3197414227119, 'long TURSG.IS': 326.3197414227119, 'long VAKBN.IS': 326.3197414227119, 'long YYLGD.IS': 326.3197414227119}",35,-0.0492520878187255,0.4148313999176025,11203.43769440184,0.0045719654232468,0.1203437694401841,0.0045719654232468,0.1421190949794919,0.0,0.0
2022-07-29,"{'long AEFES.IS': 304.90827612424584, 'long AGHOL.IS': 304.90827612424584, 'long AKFGY.IS': 304.90827612424584, 'long BRYAT.IS': 304.90827612424584, 'long BUCIM.IS': 304.90827612424584, 'long CEMTS.IS': 304.90827612424584, 'long CIMSA.IS': 304.90827612424584, 'long DOAS.IS': 304.90827612424584, 'long EKGYO.IS': 304.90827612424584, 'long ENJSA.IS': 304.90827612424584, 'long ERBOS.IS': 304.90827612424584, 'long FROTO.IS': 304.90827612424584, 'long GOZDE.IS': 304.90827612424584, 'long GUBRF.IS': 304.90827612424584, 'long GWIND.IS': 304.90827612424584, 'long ISGYO.IS': 304.90827612424584, 'long ISMEN.IS': 304.90827612424584, 'long KARSN.IS': 304.90827612424584, 'long KARTN.IS': 304.90827612424584, 'long LOGO.IS': 304.90827612424584, 'long MAVI.IS': 304.90827612424584, 'long MGROS.IS': 304.90827612424584, 'long NUGYO.IS': 304.90827612424584, 'long ODAS.IS': 304.90827612424584, 'long OTKAR.IS': 304.90827612424584, 'long PRKAB.IS': 304.90827612424584, 'long QUAGR.IS': 304.90827612424584, 'long SELEC.IS': 304.90827612424584, 'long SKBNK.IS': 304.90827612424584, 'long SOKM.IS': 304.90827612424584, 'long TKFEN.IS': 304.90827612424584, 'long TMSN.IS': 304.90827612424584, 'long TOASO.IS': 304.90827612424584, 'long TSKB.IS': 304.90827612424584, 'long TSPOR.IS': 304.90827612424584, 'long TTRAK.IS': 304.90827612424584, 'long TURSG.IS': 304.90827612424584, 'long YYLGD.IS': 304.90827612424584}",38,-0.0497994982120259,0.4099593162536621,11365.60922456326,0.0144751579457127,0.136560922456326,0.0144751579457127,0.1586514492721344,0.0,0.0
2022-08-01,"{'long AEFES.IS': 301.80135792576704, 'long AGHOL.IS': 301.80135792576704, 'long AKFGY.IS': 301.80135792576704, 'long BERA.IS': 301.80135792576704, 'long BIMAS.IS': 301.80135792576704, 'long BUCIM.IS': 301.80135792576704, 'long CEMTS.IS': 301.80135792576704, 'long CIMSA.IS': 301.80135792576704, 'long DOAS.IS': 301.80135792576704, 'long EKGYO.IS': 301.80135792576704, 'long ENJSA.IS': 301.80135792576704, 'long FROTO.IS': 301.80135792576704, 'long GOZDE.IS': 301.80135792576704, 'long GUBRF.IS': 301.80135792576704, 'long GWIND.IS': 301.80135792576704, 'long ISFIN.IS': 301.80135792576704, 'long ISGYO.IS': 301.80135792576704, 'long ISMEN.IS': 301.80135792576704, 'long KARTN.IS': 301.80135792576704, 'long KOZAA.IS': 301.80135792576704, 'long LOGO.IS': 301.80135792576704, 'long MAVI.IS': 301.80135792576704, 'long MGROS.IS': 301.80135792576704, 'long NTHOL.IS': 301.80135792576704, 'long NUGYO.IS': 301.80135792576704, 'long ODAS.IS': 301.80135792576704, 'long OTKAR.IS': 301.80135792576704, 'long PRKAB.IS': 301.80135792576704, 'long QUAGR.IS': 301.80135792576704, 'long SELEC.IS': 301.80135792576704, 'long SKBNK.IS': 301.80135792576704, 'long SOKM.IS': 301.80135792576704, 'long TKFEN.IS': 301.80135792576704, 'long TMSN.IS': 301.80135792576704, 'long TOASO.IS': 301.80135792576704, 'long TSKB.IS': 301.80135792576704, 'long TSPOR.IS': 301.80135792576704, 'long TTRAK.IS': 301.80135792576704, 'long YYLGD.IS': 301.80135792576704}",39,-0.056754121978472,0.3840351104736328,11545.844584364355,0.0158579585343804,0.15458445843643553,0.0158579585343804,0.1770252959104916,0.0,0.0
2022-08-02,"{'long AEFES.IS': 285.7837825270372, 'long AGHOL.IS': 285.7837825270372, 'long AKFGY.IS': 285.7837825270372, 'long BIMAS.IS': 285.7837825270372, 'long BUCIM.IS': 285.7837825270372, 'long CEMTS.IS': 285.7837825270372, 'long CIMSA.IS': 285.7837825270372, 'long DOAS.IS': 285.7837825270372, 'long EKGYO.IS': 285.7837825270372, 'long ENJSA.IS': 285.7837825270372, 'long FROTO.IS': 285.7837825270372, 'long GOZDE.IS': 285.7837825270372, 'long GUBRF.IS': 285.7837825270372, 'long GWIND.IS': 285.7837825270372, 'long ISFIN.IS': 285.7837825270372, 'long ISGYO.IS': 285.7837825270372, 'long ISMEN.IS': 285.7837825270372, 'long KCHOL.IS': 285.7837825270372, 'long KOZAA.IS': 285.7837825270372, 'long LOGO.IS': 285.7837825270372, 'long MAVI.IS': 285.7837825270372, 'long MGROS.IS': 285.7837825270372, 'long NUGYO.IS': 285.7837825270372, 'long ODAS.IS': 285.7837825270372, 'long OTKAR.IS': 285.7837825270372, 'long PRKAB.IS': 285.7837825270372, 'long QUAGR.IS': 285.7837825270372, 'long SELEC.IS': 285.7837825270372, 'long SISE.IS': 285.7837825270372, 'long SKBNK.IS': 285.7837825270372, 'long SOKM.IS': 285.7837825270372, 'long TAVHL.IS': 285.7837825270372, 'long TKFEN.IS': 285.7837825270372, 'long TMSN.IS': 285.7837825270372, 'long TOASO.IS': 285.7837825270372, 'long TSKB.IS': 285.7837825270372, 'long TSPOR.IS': 285.7837825270372, 'long TTRAK.IS': 285.7837825270372, 'long VAKBN.IS': 285.7837825270372, 'long VESTL.IS': 285.7837825270372, 'long YYLGD.IS': 285.7837825270372}",41,-0.0661524250309509,0.4127202033996582,11493.739439533249,-0.004512891581935,0.14937394395332482,-0.004512891581935,0.1717135083608525,0.0,0.0
2022-08-03,"{'long AGHOL.IS': 372.2916835706494, 'long AKFGY.IS': 372.2916835706494, 'long ALKIM.IS': 372.2916835706494, 'long BUCIM.IS': 372.2916835706494, 'long CIMSA.IS': 372.2916835706494, 'long DOAS.IS': 372.2916835706494, 'long ECILC.IS': 372.2916835706494, 'long ENJSA.IS': 372.2916835706494, 'long FROTO.IS': 372.2916835706494, 'long GLYHO.IS': 372.2916835706494, 'long GOZDE.IS': 372.2916835706494, 'long GUBRF.IS': 372.2916835706494, 'long GWIND.IS': 372.2916835706494, 'long ISGYO.IS': 372.2916835706494, 'long ISMEN.IS': 372.2916835706494, 'long KCHOL.IS': 372.2916835706494, 'long KOZAA.IS': 372.2916835706494, 'long ODAS.IS': 372.2916835706494, 'long OTKAR.IS': 372.2916835706494, 'long QUAGR.IS': 372.2916835706494, 'long SAHOL.IS': 372.2916835706494, 'long SASA.IS': 372.2916835706494, 'long SELEC.IS': 372.2916835706494, 'long SKBNK.IS': 372.2916835706494, 'long THYAO.IS': 372.2916835706494, 'long TKFEN.IS': 372.2916835706494, 'long TMSN.IS': 372.2916835706494, 'long TOASO.IS': 372.2916835706494, 'long TSKB.IS': 372.2916835706494, 'long TSPOR.IS': 372.2916835706494, 'long VESTL.IS': 372.2916835706494, 'long YYLGD.IS': 372.2916835706494}",32,-0.0477829694862489,0.4517788887023926,11686.197558520305,0.0167446043125956,0.1686197558520306,0.0167446043125956,0.1913333874260783,0.0,0.0
2022-08-04,"{'long AGHOL.IS': 327.4800650650041, 'long AKFGY.IS': 327.4800650650041, 'long ALKIM.IS': 327.4800650650041, 'long BUCIM.IS': 327.4800650650041, 'long CIMSA.IS': 327.4800650650041, 'long DEVA.IS': 327.4800650650041, 'long DOAS.IS': 327.4800650650041, 'long ECILC.IS': 327.4800650650041, 'long ENJSA.IS': 327.4800650650041, 'long FROTO.IS': 327.4800650650041, 'long GLYHO.IS': 327.4800650650041, 'long GOZDE.IS': 327.4800650650041, 'long GUBRF.IS': 327.4800650650041, 'long GWIND.IS': 327.4800650650041, 'long ISCTR.IS': 327.4800650650041, 'long ISFIN.IS': 327.4800650650041, 'long ISGYO.IS': 327.4800650650041, 'long ISMEN.IS': 327.4800650650041, 'long KCHOL.IS': 327.4800650650041, 'long KOZAA.IS': 327.4800650650041, 'long MGROS.IS': 327.4800650650041, 'long ODAS.IS': 327.4800650650041, 'long OTKAR.IS': 327.4800650650041, 'long QUAGR.IS': 327.4800650650041, 'long SAHOL.IS': 327.4800650650041, 'long SASA.IS': 327.4800650650041, 'long SELEC.IS': 327.4800650650041, 'long SKBNK.IS': 327.4800650650041, 'long TAVHL.IS': 327.4800650650041, 'long THYAO.IS': 327.4800650650041, 'long TKFEN.IS': 327.4800650650041, 'long TMSN.IS': 327.4800650650041, 'long TOASO.IS': 327.4800650650041, 'long TSKB.IS': 327.4800650650041, 'long TSPOR.IS': 327.4800650650041, 'long VAKBN.IS': 327.4800650650041, 'long YYLGD.IS': 327.4800650650041}",37,-0.0535753082612764,0.4366652965545654,11885.747579736562,0.0170757015031606,0.1885747579736563,0.0170757015031606,0.2116762407405152,0.0,0.0
2022-08-05,"{'long AKFGY.IS': 322.6083908833945, 'long ALKIM.IS': 322.6083908833945, 'long BIMAS.IS': 322.6083908833945, 'long BUCIM.IS': 322.6083908833945, 'long CIMSA.IS': 322.6083908833945, 'long DEVA.IS': 322.6083908833945, 'long DOAS.IS': 322.6083908833945, 'long ECILC.IS': 322.6083908833945, 'long EKGYO.IS': 322.6083908833945, 'long ENJSA.IS': 322.6083908833945, 'long FROTO.IS': 322.6083908833945, 'long GLYHO.IS': 322.6083908833945, 'long GOZDE.IS': 322.6083908833945, 'long GUBRF.IS': 322.6083908833945, 'long GWIND.IS': 322.6083908833945, 'long ISCTR.IS': 322.6083908833945, 'long ISFIN.IS': 322.6083908833945, 'long ISGYO.IS': 322.6083908833945, 'long ISMEN.IS': 322.6083908833945, 'long KCHOL.IS': 322.6083908833945, 'long KONTR.IS': 322.6083908833945, 'long KOZAA.IS': 322.6083908833945, 'long MGROS.IS': 322.6083908833945, 'long ODAS.IS': 322.6083908833945, 'long OTKAR.IS': 322.6083908833945, 'long QUAGR.IS': 322.6083908833945, 'long SAHOL.IS': 322.6083908833945, 'long SASA.IS': 322.6083908833945, 'long SELEC.IS': 322.6083908833945, 'long SKBNK.IS': 322.6083908833945, 'long TAVHL.IS': 322.6083908833945, 'long THYAO.IS': 322.6083908833945, 'long TKFEN.IS': 322.6083908833945, 'long TMSN.IS': 322.6083908833945, 'long TOASO.IS': 322.6083908833945, 'long TSKB.IS': 322.6083908833945, 'long TSPOR.IS': 322.6083908833945, 'long YYLGD.IS': 322.6083908833945}",38,-0.0586693313659488,0.4063565731048584,12025.38989742513,0.0117487197798679,0.20253898974251294,0.0117487197798679,0.2259118853568995,0.0,0.0
2022-08-08,"{'long AKFGY.IS': 325.9337728825508, 'long ALBRK.IS': 325.9337728825508, 'long BIMAS.IS': 325.9337728825508, 'long BUCIM.IS': 325.9337728825508, 'long CIMSA.IS': 325.9337728825508, 'long DEVA.IS': 325.9337728825508, 'long DOAS.IS': 325.9337728825508, 'long DOHOL.IS': 325.9337728825508, 'long ECILC.IS': 325.9337728825508, 'long EKGYO.IS': 325.9337728825508, 'long ENJSA.IS': 325.9337728825508, 'long FROTO.IS': 325.9337728825508, 'long GLYHO.IS': 325.9337728825508, 'long GUBRF.IS': 325.9337728825508, 'long GWIND.IS': 325.9337728825508, 'long HEKTS.IS': 325.9337728825508, 'long ISCTR.IS': 325.9337728825508, 'long ISGYO.IS': 325.9337728825508, 'long ISMEN.IS': 325.9337728825508, 'long KCHOL.IS': 325.9337728825508, 'long KONTR.IS': 325.9337728825508, 'long KOZAA.IS': 325.9337728825508, 'long MAVI.IS': 325.9337728825508, 'long MGROS.IS': 325.9337728825508, 'long OTKAR.IS': 325.9337728825508, 'long QUAGR.IS': 325.9337728825508, 'long SAHOL.IS': 325.9337728825508, 'long SASA.IS': 325.9337728825508, 'long SELEC.IS': 325.9337728825508, 'long SKBNK.IS': 325.9337728825508, 'long TAVHL.IS': 325.9337728825508, 'long THYAO.IS': 325.9337728825508, 'long TKFEN.IS': 325.9337728825508, 'long TMSN.IS': 325.9337728825508, 'long TOASO.IS': 325.9337728825508, 'long TSKB.IS': 325.9337728825508, 'long TSPOR.IS': 325.9337728825508, 'long VESTL.IS': 325.9337728825508}",38,-0.0646952453748689,0.4480576515197754,12149.345182618523,0.010307797605792,0.21493451826185228,0.010307797605792,0.2385483369536931,0.0,0.0
2022-08-09,"{'long AKFGY.IS': 308.48423179560416, 'long ALKIM.IS': 308.48423179560416, 'long BIMAS.IS': 308.48423179560416, 'long BRYAT.IS': 308.48423179560416, 'long BUCIM.IS': 308.48423179560416, 'long CIMSA.IS': 308.48423179560416, 'long DEVA.IS': 308.48423179560416, 'long ECILC.IS': 308.48423179560416, 'long ENJSA.IS': 308.48423179560416, 'long FROTO.IS': 308.48423179560416, 'long GLYHO.IS': 308.48423179560416, 'long GWIND.IS': 308.48423179560416, 'long IPEKE.IS': 308.48423179560416, 'long ISCTR.IS': 308.48423179560416, 'long ISGYO.IS': 308.48423179560416, 'long ISMEN.IS': 308.48423179560416, 'long KCHOL.IS': 308.48423179560416, 'long KONTR.IS': 308.48423179560416, 'long KOZAA.IS': 308.48423179560416, 'long MAVI.IS': 308.48423179560416, 'long MGROS.IS': 308.48423179560416, 'long NTHOL.IS': 308.48423179560416, 'long NUGYO.IS': 308.48423179560416, 'long ODAS.IS': 308.48423179560416, 'long OTKAR.IS': 308.48423179560416, 'long PGSUS.IS': 308.48423179560416, 'long QUAGR.IS': 308.48423179560416, 'long SAHOL.IS': 308.48423179560416, 'long SASA.IS': 308.48423179560416, 'long SELEC.IS': 308.48423179560416, 'long SKBNK.IS': 308.48423179560416, 'long TAVHL.IS': 308.48423179560416, 'long THYAO.IS': 308.48423179560416, 'long TKFEN.IS': 308.48423179560416, 'long TMSN.IS': 308.48423179560416, 'long TOASO.IS': 308.48423179560416, 'long TSKB.IS': 308.48423179560416, 'long TSPOR.IS': 308.48423179560416, 'long TUPRS.IS': 308.48423179560416, 'long VESTL.IS': 308.48423179560416}",40,-0.0649945303012605,0.4312443733215332,12104.110283488517,-0.0037232376272198,0.21041102834885161,-0.0037232376272198,0.2339369271824165,0.0,0.0
2022-08-10,"{'long AEFES.IS': 319.1227674619771, 'long ALBRK.IS': 319.1227674619771, 'long ALKIM.IS': 319.1227674619771, 'long AYDEM.IS': 319.1227674619771, 'long BIMAS.IS': 319.1227674619771, 'long BRYAT.IS': 319.1227674619771, 'long BUCIM.IS': 319.1227674619771, 'long CIMSA.IS': 319.1227674619771, 'long DEVA.IS': 319.1227674619771, 'long ECILC.IS': 319.1227674619771, 'long ENJSA.IS': 319.1227674619771, 'long ENKAI.IS': 319.1227674619771, 'long FROTO.IS': 319.1227674619771, 'long GLYHO.IS': 319.1227674619771, 'long IPEKE.IS': 319.1227674619771, 'long ISFIN.IS': 319.1227674619771, 'long ISGYO.IS': 319.1227674619771, 'long ISMEN.IS': 319.1227674619771, 'long KARTN.IS': 319.1227674619771, 'long KCHOL.IS': 319.1227674619771, 'long KONTR.IS': 319.1227674619771, 'long KOZAA.IS': 319.1227674619771, 'long MAVI.IS': 319.1227674619771, 'long ODAS.IS': 319.1227674619771, 'long OTKAR.IS': 319.1227674619771, 'long PGSUS.IS': 319.1227674619771, 'long QUAGR.IS': 319.1227674619771, 'long SAHOL.IS': 319.1227674619771, 'long SELEC.IS': 319.1227674619771, 'long SKBNK.IS': 319.1227674619771, 'long TAVHL.IS': 319.1227674619771, 'long THYAO.IS': 319.1227674619771, 'long TKFEN.IS': 319.1227674619771, 'long TMSN.IS': 319.1227674619771, 'long TOASO.IS': 319.1227674619771, 'long TSKB.IS': 319.1227674619771, 'long TSPOR.IS': 319.1227674619771, 'long TUPRS.IS': 319.1227674619771, 'long TURSG.IS': 319.1227674619771}",39,-0.0470719628997641,0.3833456039428711,12208.499994073934,0.0086243191891451,0.22084999940739336,0.0086243191891451,0.2445787931017105,0.0,0.0
2022-08-11,"{'long AEFES.IS': 315.58673315976216, 'long AKBNK.IS': 315.58673315976216, 'long ALBRK.IS': 315.58673315976216, 'long ALKIM.IS': 315.58673315976216, 'long AYDEM.IS': 315.58673315976216, 'long BIMAS.IS': 315.58673315976216, 'long BRYAT.IS': 315.58673315976216, 'long BUCIM.IS': 315.58673315976216, 'long CIMSA.IS': 315.58673315976216, 'long DEVA.IS': 315.58673315976216, 'long ECILC.IS': 315.58673315976216, 'long ENJSA.IS': 315.58673315976216, 'long ENKAI.IS': 315.58673315976216, 'long FROTO.IS': 315.58673315976216, 'long GARAN.IS': 315.58673315976216, 'long GLYHO.IS': 315.58673315976216, 'long GUBRF.IS': 315.58673315976216, 'long ISFIN.IS': 315.58673315976216, 'long ISGYO.IS': 315.58673315976216, 'long ISMEN.IS': 315.58673315976216, 'long KARTN.IS': 315.58673315976216, 'long KCHOL.IS': 315.58673315976216, 'long KONTR.IS': 315.58673315976216, 'long MGROS.IS': 315.58673315976216, 'long ODAS.IS': 315.58673315976216, 'long OTKAR.IS': 315.58673315976216, 'long PGSUS.IS': 315.58673315976216, 'long PRKAB.IS': 315.58673315976216, 'long QUAGR.IS': 315.58673315976216, 'long SAHOL.IS': 315.58673315976216, 'long SASA.IS': 315.58673315976216, 'long SELEC.IS': 315.58673315976216, 'long SKBNK.IS': 315.58673315976216, 'long TAVHL.IS': 315.58673315976216, 'long THYAO.IS': 315.58673315976216, 'long TMSN.IS': 315.58673315976216, 'long TOASO.IS': 315.58673315976216, 'long TSKB.IS': 315.58673315976216, 'long TSPOR.IS': 315.58673315976216, 'long TUPRS.IS': 315.58673315976216}",40,-0.053054303016469,0.4298748970031738,12382.793765298882,0.014276428005861,0.2382793765298883,0.014276428005861,0.2623469326390484,0.0,0.0
2022-08-12,"{'long AKBNK.IS': 343.7463688277849, 'long ALBRK.IS': 343.7463688277849, 'long ALKIM.IS': 343.7463688277849, 'long AYDEM.IS': 343.7463688277849, 'long BIMAS.IS': 343.7463688277849, 'long BRYAT.IS': 343.7463688277849, 'long BUCIM.IS': 343.7463688277849, 'long CIMSA.IS': 343.7463688277849, 'long DOAS.IS': 343.7463688277849, 'long ECILC.IS': 343.7463688277849, 'long FROTO.IS': 343.7463688277849, 'long GARAN.IS': 343.7463688277849, 'long GLYHO.IS': 343.7463688277849, 'long GUBRF.IS': 343.7463688277849, 'long ISFIN.IS': 343.7463688277849, 'long ISGYO.IS': 343.7463688277849, 'long ISMEN.IS': 343.7463688277849, 'long KARSN.IS': 343.7463688277849, 'long KARTN.IS': 343.7463688277849, 'long KCHOL.IS': 343.7463688277849, 'long KONTR.IS': 343.7463688277849, 'long MGROS.IS': 343.7463688277849, 'long OTKAR.IS': 343.7463688277849, 'long PGSUS.IS': 343.7463688277849, 'long QUAGR.IS': 343.7463688277849, 'long SAHOL.IS': 343.7463688277849, 'long SASA.IS': 343.7463688277849, 'long SELEC.IS': 343.7463688277849, 'long SKBNK.IS': 343.7463688277849, 'long TAVHL.IS': 343.7463688277849, 'long THYAO.IS': 343.7463688277849, 'long TKFEN.IS': 343.7463688277849, 'long TOASO.IS': 343.7463688277849, 'long TSKB.IS': 343.7463688277849, 'long TSPOR.IS': 343.7463688277849, 'long TUPRS.IS': 343.7463688277849, 'long YATAS.IS': 343.7463688277849}",37,-0.0611127184095093,0.4114189147949219,12476.126052213514,0.0075372560250645,0.24761260522135142,0.0075372560250645,0.271861564662804,0.0,0.0
2022-08-15,"{'long AKBNK.IS': 337.4217169219209, 'long ALBRK.IS': 337.4217169219209, 'long ALKIM.IS': 337.4217169219209, 'long AYDEM.IS': 337.4217169219209, 'long BRYAT.IS': 337.4217169219209, 'long BUCIM.IS': 337.4217169219209, 'long CIMSA.IS': 337.4217169219209, 'long DEVA.IS': 337.4217169219209, 'long DOAS.IS': 337.4217169219209, 'long DOHOL.IS': 337.4217169219209, 'long ECILC.IS': 337.4217169219209, 'long EGEEN.IS': 337.4217169219209, 'long ENKAI.IS': 337.4217169219209, 'long FROTO.IS': 337.4217169219209, 'long GARAN.IS': 337.4217169219209, 'long GLYHO.IS': 337.4217169219209, 'long GSDHO.IS': 337.4217169219209, 'long GUBRF.IS': 337.4217169219209, 'long HALKB.IS': 337.4217169219209, 'long ISFIN.IS': 337.4217169219209, 'long ISMEN.IS': 337.4217169219209, 'long KCHOL.IS': 337.4217169219209, 'long KONTR.IS': 337.4217169219209, 'long MGROS.IS': 337.4217169219209, 'long ODAS.IS': 337.4217169219209, 'long OTKAR.IS': 337.4217169219209, 'long PETKM.IS': 337.4217169219209, 'long PGSUS.IS': 337.4217169219209, 'long QUAGR.IS': 337.4217169219209, 'long SAHOL.IS': 337.4217169219209, 'long SASA.IS': 337.4217169219209, 'long SELEC.IS': 337.4217169219209, 'long SKBNK.IS': 337.4217169219209, 'long THYAO.IS': 337.4217169219209, 'long TOASO.IS': 337.4217169219209, 'long TSPOR.IS': 337.4217169219209, 'long TUPRS.IS': 337.4217169219209, 'long VAKBN.IS': 337.4217169219209}",38,-0.0617055329339254,0.4750761985778808,12577.564069966553,0.0081305701247737,0.25775640699665536,0.0081305701247737,0.2822025243032995,0.0,0.0
2022-08-16,"{'long AKBNK.IS': 352.74788810806484, 'long ALBRK.IS': 352.74788810806484, 'long ALKIM.IS': 352.74788810806484, 'long AYDEM.IS': 352.74788810806484, 'long BAGFS.IS': 352.74788810806484, 'long BERA.IS': 352.74788810806484, 'long BRYAT.IS': 352.74788810806484, 'long BUCIM.IS': 352.74788810806484, 'long CIMSA.IS': 352.74788810806484, 'long DOAS.IS': 352.74788810806484, 'long ECILC.IS': 352.74788810806484, 'long EGEEN.IS': 352.74788810806484, 'long ENKAI.IS': 352.74788810806484, 'long FROTO.IS': 352.74788810806484, 'long GARAN.IS': 352.74788810806484, 'long GLYHO.IS': 352.74788810806484, 'long GUBRF.IS': 352.74788810806484, 'long ISFIN.IS': 352.74788810806484, 'long ISMEN.IS': 352.74788810806484, 'long KCHOL.IS': 352.74788810806484, 'long KONTR.IS': 352.74788810806484, 'long LOGO.IS': 352.74788810806484, 'long NTHOL.IS': 352.74788810806484, 'long ODAS.IS': 352.74788810806484, 'long OTKAR.IS': 352.74788810806484, 'long OYAKC.IS': 352.74788810806484, 'long PETKM.IS': 352.74788810806484, 'long PGSUS.IS': 352.74788810806484, 'long QUAGR.IS': 352.74788810806484, 'long SAHOL.IS': 352.74788810806484, 'long SASA.IS': 352.74788810806484, 'long SELEC.IS': 352.74788810806484, 'long SKBNK.IS': 352.74788810806484, 'long THYAO.IS': 352.74788810806484, 'long TOASO.IS': 352.74788810806484, 'long TSPOR.IS': 352.74788810806484, 'long TUPRS.IS': 352.74788810806484}",37,-0.0612093722104971,0.6584954261779785,12802.832308297537,0.0179103232611544,0.2802832308297536,0.0179103232611544,0.3051671859998397,0.0,0.0
2022-08-17,"{'long AEFES.IS': 359.1178893640651, 'long AKBNK.IS': 359.1178893640651, 'long ALBRK.IS': 359.1178893640651, 'long ALKIM.IS': 359.1178893640651, 'long AYDEM.IS': 359.1178893640651, 'long BAGFS.IS': 359.1178893640651, 'long BRYAT.IS': 359.1178893640651, 'long BUCIM.IS': 359.1178893640651, 'long CIMSA.IS': 359.1178893640651, 'long DOAS.IS': 359.1178893640651, 'long ECILC.IS': 359.1178893640651, 'long EGEEN.IS': 359.1178893640651, 'long ENKAI.IS': 359.1178893640651, 'long FROTO.IS': 359.1178893640651, 'long GARAN.IS': 359.1178893640651, 'long GLYHO.IS': 359.1178893640651, 'long GUBRF.IS': 359.1178893640651, 'long ISFIN.IS': 359.1178893640651, 'long ISMEN.IS': 359.1178893640651, 'long KCHOL.IS': 359.1178893640651, 'long KONTR.IS': 359.1178893640651, 'long ODAS.IS': 359.1178893640651, 'long OTKAR.IS': 359.1178893640651, 'long OYAKC.IS': 359.1178893640651, 'long PETKM.IS': 359.1178893640651, 'long PGSUS.IS': 359.1178893640651, 'long QUAGR.IS': 359.1178893640651, 'long SAHOL.IS': 359.1178893640651, 'long SASA.IS': 359.1178893640651, 'long SELEC.IS': 359.1178893640651, 'long SKBNK.IS': 359.1178893640651, 'long THYAO.IS': 359.1178893640651, 'long TOASO.IS': 359.1178893640651, 'long TSKB.IS': 359.1178893640651, 'long TSPOR.IS': 359.1178893640651, 'long TUPRS.IS': 359.1178893640651, 'long VAKBN.IS': 359.1178893640651}",37,-0.0633239046740609,0.7703416347503662,13034.028753786193,0.0180582264862455,0.3034028753786193,0.0180582264862455,0.3287361906470407,0.0,0.0
2022-08-18,"{'long AEFES.IS': 253.288825537285, 'long AKBNK.IS': 253.288825537285, 'long AKFGY.IS': 253.288825537285, 'long ALBRK.IS': 253.288825537285, 'long ALKIM.IS': 253.288825537285, 'long ASELS.IS': 253.288825537285, 'long AYDEM.IS': 253.288825537285, 'long BAGFS.IS': 253.288825537285, 'long BERA.IS': 253.288825537285, 'long BIMAS.IS': 253.288825537285, 'long BRYAT.IS': 253.288825537285, 'long BUCIM.IS': 253.288825537285, 'long CCOLA.IS': 253.288825537285, 'long CIMSA.IS': 253.288825537285, 'long DOAS.IS': 253.288825537285, 'long DOHOL.IS': 253.288825537285, 'long ECILC.IS': 253.288825537285, 'long EGEEN.IS': 253.288825537285, 'long ENJSA.IS': 253.288825537285, 'long ENKAI.IS': 253.288825537285, 'long FROTO.IS': 253.288825537285, 'long GARAN.IS': 253.288825537285, 'long GLYHO.IS': 253.288825537285, 'long GSDHO.IS': 253.288825537285, 'long GUBRF.IS': 253.288825537285, 'long HALKB.IS': 253.288825537285, 'long ISFIN.IS': 253.288825537285, 'long ISMEN.IS': 253.288825537285, 'long KCHOL.IS': 253.288825537285, 'long KONTR.IS': 253.288825537285, 'long LOGO.IS': 253.288825537285, 'long MGROS.IS': 253.288825537285, 'long NTHOL.IS': 253.288825537285, 'long ODAS.IS': 253.288825537285, 'long OTKAR.IS': 253.288825537285, 'long OYAKC.IS': 253.288825537285, 'long PETKM.IS': 253.288825537285, 'long PGSUS.IS': 253.288825537285, 'long QUAGR.IS': 253.288825537285, 'long SAHOL.IS': 253.288825537285, 'long SKBNK.IS': 253.288825537285, 'long SOKM.IS': 253.288825537285, 'long THYAO.IS': 253.288825537285, 'long TRGYO.IS': 253.288825537285, 'long TSKB.IS': 253.288825537285, 'long TSPOR.IS': 253.288825537285, 'long TTRAK.IS': 253.288825537285, 'long TUKAS.IS': 253.288825537285, 'long TUPRS.IS': 253.288825537285, 'long TURSG.IS': 253.288825537285, 'long VAKBN.IS': 253.288825537285, 'long YATAS.IS': 253.288825537285, 'long YKBNK.IS': 253.288825537285}",53,-0.0900004671698696,0.751328706741333,13168.363629297837,0.0103064737733237,0.3168363629297837,0.0103064737733237,0.3424307753476105,0.0,0.0
2022-08-19,"{'long AEFES.IS': 265.0848799351371, 'long AKBNK.IS': 265.0848799351371, 'long AKFGY.IS': 265.0848799351371, 'long ALBRK.IS': 265.0848799351371, 'long ALKIM.IS': 265.0848799351371, 'long ASELS.IS': 265.0848799351371, 'long AYDEM.IS': 265.0848799351371, 'long BAGFS.IS': 265.0848799351371, 'long BERA.IS': 265.0848799351371, 'long BRYAT.IS': 265.0848799351371, 'long BUCIM.IS': 265.0848799351371, 'long CCOLA.IS': 265.0848799351371, 'long CIMSA.IS': 265.0848799351371, 'long DOAS.IS': 265.0848799351371, 'long DOHOL.IS': 265.0848799351371, 'long ENJSA.IS': 265.0848799351371, 'long ENKAI.IS': 265.0848799351371, 'long EREGL.IS': 265.0848799351371, 'long FROTO.IS': 265.0848799351371, 'long GARAN.IS': 265.0848799351371, 'long GLYHO.IS': 265.0848799351371, 'long GSDHO.IS': 265.0848799351371, 'long GUBRF.IS': 265.0848799351371, 'long HALKB.IS': 265.0848799351371, 'long ISFIN.IS': 265.0848799351371, 'long ISMEN.IS': 265.0848799351371, 'long KCHOL.IS': 265.0848799351371, 'long KONTR.IS': 265.0848799351371, 'long KRDMD.IS': 265.0848799351371, 'long LOGO.IS': 265.0848799351371, 'long MGROS.IS': 265.0848799351371, 'long NTHOL.IS': 265.0848799351371, 'long ODAS.IS': 265.0848799351371, 'long OTKAR.IS': 265.0848799351371, 'long OYAKC.IS': 265.0848799351371, 'long PETKM.IS': 265.0848799351371, 'long PGSUS.IS': 265.0848799351371, 'long QUAGR.IS': 265.0848799351371, 'long SAHOL.IS': 265.0848799351371, 'long SISE.IS': 265.0848799351371, 'long SKBNK.IS': 265.0848799351371, 'long THYAO.IS': 265.0848799351371, 'long TOASO.IS': 265.0848799351371, 'long TRGYO.IS': 265.0848799351371, 'long TSKB.IS': 265.0848799351371, 'long TSPOR.IS': 265.0848799351371, 'long TTRAK.IS': 265.0848799351371, 'long TUKAS.IS': 265.0848799351371, 'long TUPRS.IS': 265.0848799351371, 'long TURSG.IS': 265.0848799351371, 'long VAKBN.IS': 265.0848799351371}",51,-0.0870804298328885,0.4587187767028808,13261.573106162454,0.0070782885017876,0.3261573106162454,0.0070782885017876,0.3519328876691996,0.0,0.0
2022-08-22,"{'long AEFES.IS': 236.7920244724744, 'long AKBNK.IS': 236.7920244724744, 'long AKFGY.IS': 236.7920244724744, 'long ALBRK.IS': 236.7920244724744, 'long ALKIM.IS': 236.7920244724744, 'long ASELS.IS': 236.7920244724744, 'long AYDEM.IS': 236.7920244724744, 'long BAGFS.IS': 236.7920244724744, 'long BERA.IS': 236.7920244724744, 'long BRYAT.IS': 236.7920244724744, 'long BUCIM.IS': 236.7920244724744, 'long CCOLA.IS': 236.7920244724744, 'long CIMSA.IS': 236.7920244724744, 'long DEVA.IS': 236.7920244724744, 'long DOAS.IS': 236.7920244724744, 'long DOHOL.IS': 236.7920244724744, 'long ECILC.IS': 236.7920244724744, 'long EGEEN.IS': 236.7920244724744, 'long ENJSA.IS': 236.7920244724744, 'long ENKAI.IS': 236.7920244724744, 'long GARAN.IS': 236.7920244724744, 'long GLYHO.IS': 236.7920244724744, 'long GSDHO.IS': 236.7920244724744, 'long GUBRF.IS': 236.7920244724744, 'long GWIND.IS': 236.7920244724744, 'long HEKTS.IS': 236.7920244724744, 'long ISFIN.IS': 236.7920244724744, 'long ISMEN.IS': 236.7920244724744, 'long KARSN.IS': 236.7920244724744, 'long KCHOL.IS': 236.7920244724744, 'long KONTR.IS': 236.7920244724744, 'long KORDS.IS': 236.7920244724744, 'long KRDMD.IS': 236.7920244724744, 'long LOGO.IS': 236.7920244724744, 'long MAVI.IS': 236.7920244724744, 'long MGROS.IS': 236.7920244724744, 'long NTHOL.IS': 236.7920244724744, 'long ODAS.IS': 236.7920244724744, 'long OTKAR.IS': 236.7920244724744, 'long OYAKC.IS': 236.7920244724744, 'long PETKM.IS': 236.7920244724744, 'long PGSUS.IS': 236.7920244724744, 'long QUAGR.IS': 236.7920244724744, 'long SISE.IS': 236.7920244724744, 'long SKBNK.IS': 236.7920244724744, 'long TCELL.IS': 236.7920244724744, 'long THYAO.IS': 236.7920244724744, 'long TKFEN.IS': 236.7920244724744, 'long TOASO.IS': 236.7920244724744, 'long TRGYO.IS': 236.7920244724744, 'long TSKB.IS': 236.7920244724744, 'long TSPOR.IS': 236.7920244724744, 'long TTRAK.IS': 236.7920244724744, 'long TUKAS.IS': 236.7920244724744, 'long TUPRS.IS': 236.7920244724744, 'long TURSG.IS': 236.7920244724744, 'long VESBE.IS': 236.7920244724744, 'long YATAS.IS': 236.7920244724744}",58,-0.0846865743941839,0.4442625045776367,13472.089981987743,0.0158742009066379,0.34720899819877427,0.0158742009066379,0.3733937419403517,0.0,0.0
2022-08-23,"{'long AEFES.IS': 235.7825159489374, 'long AKBNK.IS': 235.7825159489374, 'long AKFGY.IS': 235.7825159489374, 'long ALBRK.IS': 235.7825159489374, 'long ALKIM.IS': 235.7825159489374, 'long ASELS.IS': 235.7825159489374, 'long AYDEM.IS': 235.7825159489374, 'long BAGFS.IS': 235.7825159489374, 'long BERA.IS': 235.7825159489374, 'long BRYAT.IS': 235.7825159489374, 'long BUCIM.IS': 235.7825159489374, 'long CIMSA.IS': 235.7825159489374, 'long DEVA.IS': 235.7825159489374, 'long DOAS.IS': 235.7825159489374, 'long DOHOL.IS': 235.7825159489374, 'long ECILC.IS': 235.7825159489374, 'long EGEEN.IS': 235.7825159489374, 'long ENJSA.IS': 235.7825159489374, 'long ENKAI.IS': 235.7825159489374, 'long GARAN.IS': 235.7825159489374, 'long GLYHO.IS': 235.7825159489374, 'long GSDHO.IS': 235.7825159489374, 'long GUBRF.IS': 235.7825159489374, 'long GWIND.IS': 235.7825159489374, 'long HEKTS.IS': 235.7825159489374, 'long ISFIN.IS': 235.7825159489374, 'long ISMEN.IS': 235.7825159489374, 'long KARSN.IS': 235.7825159489374, 'long KCHOL.IS': 235.7825159489374, 'long KONTR.IS': 235.7825159489374, 'long KORDS.IS': 235.7825159489374, 'long KRDMD.IS': 235.7825159489374, 'long LOGO.IS': 235.7825159489374, 'long MAVI.IS': 235.7825159489374, 'long MGROS.IS': 235.7825159489374, 'long NTHOL.IS': 235.7825159489374, 'long ODAS.IS': 235.7825159489374, 'long OTKAR.IS': 235.7825159489374, 'long OYAKC.IS': 235.7825159489374, 'long PETKM.IS': 235.7825159489374, 'long PGSUS.IS': 235.7825159489374, 'long QUAGR.IS': 235.7825159489374, 'long SELEC.IS': 235.7825159489374, 'long SISE.IS': 235.7825159489374, 'long SKBNK.IS': 235.7825159489374, 'long SOKM.IS': 235.7825159489374, 'long TCELL.IS': 235.7825159489374, 'long THYAO.IS': 235.7825159489374, 'long TKFEN.IS': 235.7825159489374, 'long TOASO.IS': 235.7825159489374, 'long TRGYO.IS': 235.7825159489374, 'long TSKB.IS': 235.7825159489374, 'long TSPOR.IS': 235.7825159489374, 'long TTRAK.IS': 235.7825159489374, 'long TUKAS.IS': 235.7825159489374, 'long TUPRS.IS': 235.7825159489374, 'long TURSG.IS': 235.7825159489374, 'long VESBE.IS': 235.7825159489374, 'long YATAS.IS': 235.7825159489374}",59,-0.0897036361803774,0.4470160007476806,13645.941966124723,0.0129046038416773,0.3645941966124724,0.0129046038416773,0.3911168440987307,0.0,0.0
2022-08-24,"{'long AEFES.IS': 245.40655961392167, 'long AKBNK.IS': 245.40655961392167, 'long AKFGY.IS': 245.40655961392167, 'long ALBRK.IS': 245.40655961392167, 'long ALKIM.IS': 245.40655961392167, 'long ASELS.IS': 245.40655961392167, 'long AYDEM.IS': 245.40655961392167, 'long BAGFS.IS': 245.40655961392167, 'long BERA.IS': 245.40655961392167, 'long BRYAT.IS': 245.40655961392167, 'long BUCIM.IS': 245.40655961392167, 'long CIMSA.IS': 245.40655961392167, 'long DEVA.IS': 245.40655961392167, 'long DOAS.IS': 245.40655961392167, 'long DOHOL.IS': 245.40655961392167, 'long ECILC.IS': 245.40655961392167, 'long EGEEN.IS': 245.40655961392167, 'long ENJSA.IS': 245.40655961392167, 'long ENKAI.IS': 245.40655961392167, 'long FROTO.IS': 245.40655961392167, 'long GARAN.IS': 245.40655961392167, 'long GLYHO.IS': 245.40655961392167, 'long GSDHO.IS': 245.40655961392167, 'long GUBRF.IS': 245.40655961392167, 'long GWIND.IS': 245.40655961392167, 'long ISFIN.IS': 245.40655961392167, 'long ISMEN.IS': 245.40655961392167, 'long KARSN.IS': 245.40655961392167, 'long KCHOL.IS': 245.40655961392167, 'long KONTR.IS': 245.40655961392167, 'long KORDS.IS': 245.40655961392167, 'long KRDMD.IS': 245.40655961392167, 'long LOGO.IS': 245.40655961392167, 'long MAVI.IS': 245.40655961392167, 'long MGROS.IS': 245.40655961392167, 'long ODAS.IS': 245.40655961392167, 'long OTKAR.IS': 245.40655961392167, 'long OYAKC.IS': 245.40655961392167, 'long PETKM.IS': 245.40655961392167, 'long PGSUS.IS': 245.40655961392167, 'long QUAGR.IS': 245.40655961392167, 'long SISE.IS': 245.40655961392167, 'long SKBNK.IS': 245.40655961392167, 'long SOKM.IS': 245.40655961392167, 'long TCELL.IS': 245.40655961392167, 'long THYAO.IS': 245.40655961392167, 'long TKFEN.IS': 245.40655961392167, 'long TRGYO.IS': 245.40655961392167, 'long TSKB.IS': 245.40655961392167, 'long TSPOR.IS': 245.40655961392167, 'long TTRAK.IS': 245.40655961392167, 'long TUKAS.IS': 245.40655961392167, 'long TUPRS.IS': 245.40655961392167, 'long TURSG.IS': 245.40655961392167, 'long VAKBN.IS': 245.40655961392167, 'long VESBE.IS': 245.40655961392167}",56,-0.0889788860526213,0.4417932033538818,13480.751552180394,-0.0121054606823337,0.34807515521803944,-0.0121054606823337,0.3742767338379615,0.0,0.0
2022-08-25,"{'long ALBRK.IS': 466.8654581844666, 'long AYDEM.IS': 466.8654581844666, 'long BAGFS.IS': 466.8654581844666, 'long BERA.IS': 466.8654581844666, 'long BUCIM.IS': 466.8654581844666, 'long CIMSA.IS': 466.8654581844666, 'long DOAS.IS': 466.8654581844666, 'long EGEEN.IS': 466.8654581844666, 'long ENJSA.IS': 466.8654581844666, 'long GARAN.IS': 466.8654581844666, 'long GSDHO.IS': 466.8654581844666, 'long GWIND.IS': 466.8654581844666, 'long IPEKE.IS': 466.8654581844666, 'long ISFIN.IS': 466.8654581844666, 'long ISMEN.IS': 466.8654581844666, 'long KORDS.IS': 466.8654581844666, 'long MGROS.IS': 466.8654581844666, 'long PETKM.IS': 466.8654581844666, 'long SKBNK.IS': 466.8654581844666, 'long TCELL.IS': 466.8654581844666, 'long THYAO.IS': 466.8654581844666, 'long TMSN.IS': 466.8654581844666, 'long TOASO.IS': 466.8654581844666, 'long TSKB.IS': 466.8654581844666, 'long TSPOR.IS': 466.8654581844666, 'long TTRAK.IS': 466.8654581844666, 'long TUKAS.IS': 466.8654581844666, 'long TUPRS.IS': 466.8654581844666, 'long ULKER.IS': 466.8654581844666, 'long VESTL.IS': 466.8654581844666}",30,-0.0489412730427068,0.4218034744262695,13738.92992971619,0.0191516308669035,0.37389299297161904,0.0191516308669035,0.4005963745534,0.0,0.0
2022-08-26,"{'long ALBRK.IS': 450.09136479850144, 'long AYDEM.IS': 450.09136479850144, 'long BAGFS.IS': 450.09136479850144, 'long BUCIM.IS': 450.09136479850144, 'long CIMSA.IS': 450.09136479850144, 'long DOAS.IS': 450.09136479850144, 'long DOHOL.IS': 450.09136479850144, 'long EGEEN.IS': 450.09136479850144, 'long ENJSA.IS': 450.09136479850144, 'long GARAN.IS': 450.09136479850144, 'long GSDHO.IS': 450.09136479850144, 'long GWIND.IS': 450.09136479850144, 'long IPEKE.IS': 450.09136479850144, 'long ISFIN.IS': 450.09136479850144, 'long ISMEN.IS': 450.09136479850144, 'long KORDS.IS': 450.09136479850144, 'long MGROS.IS': 450.09136479850144, 'long ODAS.IS': 450.09136479850144, 'long PETKM.IS': 450.09136479850144, 'long SKBNK.IS': 450.09136479850144, 'long TCELL.IS': 450.09136479850144, 'long THYAO.IS': 450.09136479850144, 'long TMSN.IS': 450.09136479850144, 'long TSKB.IS': 450.09136479850144, 'long TSPOR.IS': 450.09136479850144, 'long TTRAK.IS': 450.09136479850144, 'long TUKAS.IS': 450.09136479850144, 'long TUPRS.IS': 450.09136479850144, 'long ULKER.IS': 450.09136479850144, 'long VESTL.IS': 450.09136479850144, 'long YYLGD.IS': 450.09136479850144}",31,-0.055163811073596,0.390925645828247,13686.811482156698,-0.0037934866708044,0.3686811482156698,-0.0037934866708044,0.3952832308753546,0.0,0.0
2022-08-29,"{'long AKFGY.IS': 500.9481310874147, 'long ALBRK.IS': 500.9481310874147, 'long ALKIM.IS': 500.9481310874147, 'long AYDEM.IS': 500.9481310874147, 'long BAGFS.IS': 500.9481310874147, 'long CIMSA.IS': 500.9481310874147, 'long DOAS.IS': 500.9481310874147, 'long ENJSA.IS': 500.9481310874147, 'long GUBRF.IS': 500.9481310874147, 'long GWIND.IS': 500.9481310874147, 'long HALKB.IS': 500.9481310874147, 'long IPEKE.IS': 500.9481310874147, 'long ISFIN.IS': 500.9481310874147, 'long KONTR.IS': 500.9481310874147, 'long KORDS.IS': 500.9481310874147, 'long ODAS.IS': 500.9481310874147, 'long PETKM.IS': 500.9481310874147, 'long SKBNK.IS': 500.9481310874147, 'long SNGYO.IS': 500.9481310874147, 'long THYAO.IS': 500.9481310874147, 'long TMSN.IS': 500.9481310874147, 'long TOASO.IS': 500.9481310874147, 'long TSKB.IS': 500.9481310874147, 'long TSPOR.IS': 500.9481310874147, 'long TTRAK.IS': 500.9481310874147, 'long TUKAS.IS': 500.9481310874147, 'long ULKER.IS': 500.9481310874147, 'long VAKBN.IS': 500.9481310874147}",28,-0.0417200702542159,0.3986728191375732,13759.121407232822,0.005283182658751,0.37591214072328216,0.005283182658751,0.4026547670447615,0.0,0.0
2022-08-31,"{'long ALBRK.IS': 515.3444246043699, 'long ALKIM.IS': 515.3444246043699, 'long AYDEM.IS': 515.3444246043699, 'long BAGFS.IS': 515.3444246043699, 'long BIMAS.IS': 515.3444246043699, 'long CIMSA.IS': 515.3444246043699, 'long DOAS.IS': 515.3444246043699, 'long ENJSA.IS': 515.3444246043699, 'long GUBRF.IS': 515.3444246043699, 'long GWIND.IS': 515.3444246043699, 'long HALKB.IS': 515.3444246043699, 'long ISFIN.IS': 515.3444246043699, 'long KONTR.IS': 515.3444246043699, 'long KORDS.IS': 515.3444246043699, 'long PETKM.IS': 515.3444246043699, 'long SKBNK.IS': 515.3444246043699, 'long THYAO.IS': 515.3444246043699, 'long TMSN.IS': 515.3444246043699, 'long TOASO.IS': 515.3444246043699, 'long TSKB.IS': 515.3444246043699, 'long TSPOR.IS': 515.3444246043699, 'long TTRAK.IS': 515.3444246043699, 'long TUKAS.IS': 515.3444246043699, 'long TUPRS.IS': 515.3444246043699, 'long TURSG.IS': 515.3444246043699, 'long ULKER.IS': 515.3444246043699, 'long VAKBN.IS': 515.3444246043699, 'long YYLGD.IS': 515.3444246043699}",28,-0.0459303377524833,0.4109683036804199,14154.53230513151,0.028738092076928,0.4154532305131511,0.028738092076928,0.4429643888922359,0.0,0.0
2022-09-01,"{'long ALBRK.IS': 542.2891526589187, 'long ALKIM.IS': 542.2891526589187, 'long AYDEM.IS': 542.2891526589187, 'long BAGFS.IS': 542.2891526589187, 'long CIMSA.IS': 542.2891526589187, 'long DOAS.IS': 542.2891526589187, 'long ENJSA.IS': 542.2891526589187, 'long GUBRF.IS': 542.2891526589187, 'long GWIND.IS': 542.2891526589187, 'long HALKB.IS': 542.2891526589187, 'long ISFIN.IS': 542.2891526589187, 'long KONTR.IS': 542.2891526589187, 'long KORDS.IS': 542.2891526589187, 'long PETKM.IS': 542.2891526589187, 'long SKBNK.IS': 542.2891526589187, 'long TCELL.IS': 542.2891526589187, 'long THYAO.IS': 542.2891526589187, 'long TMSN.IS': 542.2891526589187, 'long TOASO.IS': 542.2891526589187, 'long TSKB.IS': 542.2891526589187, 'long TTRAK.IS': 542.2891526589187, 'long TUKAS.IS': 542.2891526589187, 'long TUPRS.IS': 542.2891526589187, 'long TURSG.IS': 542.2891526589187, 'long ULKER.IS': 542.2891526589187, 'long VAKBN.IS': 542.2891526589187, 'long VESTL.IS': 542.2891526589187}",27,-0.0562080576491251,0.4174296855926513,14362.650492712224,0.0147032895961713,0.43626504927122234,0.0147032895961713,0.4641807121790808,0.0,0.0
2022-09-02,"{'long ALBRK.IS': 554.5266905867301, 'long ALKIM.IS': 554.5266905867301, 'long AYDEM.IS': 554.5266905867301, 'long BAGFS.IS': 554.5266905867301, 'long CIMSA.IS': 554.5266905867301, 'long DOAS.IS': 554.5266905867301, 'long DOHOL.IS': 554.5266905867301, 'long ENJSA.IS': 554.5266905867301, 'long GUBRF.IS': 554.5266905867301, 'long GWIND.IS': 554.5266905867301, 'long HALKB.IS': 554.5266905867301, 'long ISFIN.IS': 554.5266905867301, 'long KONTR.IS': 554.5266905867301, 'long KORDS.IS': 554.5266905867301, 'long ODAS.IS': 554.5266905867301, 'long OTKAR.IS': 554.5266905867301, 'long PETKM.IS': 554.5266905867301, 'long SKBNK.IS': 554.5266905867301, 'long TCELL.IS': 554.5266905867301, 'long TMSN.IS': 554.5266905867301, 'long TOASO.IS': 554.5266905867301, 'long TSKB.IS': 554.5266905867301, 'long TSPOR.IS': 554.5266905867301, 'long TUKAS.IS': 554.5266905867301, 'long TURSG.IS': 554.5266905867301, 'long ULKER.IS': 554.5266905867301, 'long VAKBN.IS': 554.5266905867301}",27,-0.052562614957611,0.4190502166748047,14686.764444257577,0.0225664442443832,0.4686764444257576,0.0225664442443832,0.4972220645841714,0.0,0.0
2022-09-05,"{'long ALBRK.IS': 526.2083587389253, 'long ALKIM.IS': 526.2083587389253, 'long AYDEM.IS': 526.2083587389253, 'long BAGFS.IS': 526.2083587389253, 'long CIMSA.IS': 526.2083587389253, 'long DOAS.IS': 526.2083587389253, 'long DOHOL.IS': 526.2083587389253, 'long ENJSA.IS': 526.2083587389253, 'long GUBRF.IS': 526.2083587389253, 'long GWIND.IS': 526.2083587389253, 'long HALKB.IS': 526.2083587389253, 'long IPEKE.IS': 526.2083587389253, 'long ISFIN.IS': 526.2083587389253, 'long KONTR.IS': 526.2083587389253, 'long KORDS.IS': 526.2083587389253, 'long NTHOL.IS': 526.2083587389253, 'long ODAS.IS': 526.2083587389253, 'long SKBNK.IS': 526.2083587389253, 'long TCELL.IS': 526.2083587389253, 'long TMSN.IS': 526.2083587389253, 'long TOASO.IS': 526.2083587389253, 'long TSKB.IS': 526.2083587389253, 'long TSPOR.IS': 526.2083587389253, 'long TTRAK.IS': 526.2083587389253, 'long TUKAS.IS': 526.2083587389253, 'long TURSG.IS': 526.2083587389253, 'long ULKER.IS': 526.2083587389253, 'long VAKBN.IS': 526.2083587389253, 'long VESTL.IS': 526.2083587389253}",29,-0.055695406434938,0.432119607925415,14969.098672132335,0.0192237186717561,0.4969098672132335,0.0192237186717561,0.5260042403428833,0.0,0.0
2022-09-06,"{'long ALBRK.IS': 477.6283124463376, 'long ALKIM.IS': 477.6283124463376, 'long AYDEM.IS': 477.6283124463376, 'long BAGFS.IS': 477.6283124463376, 'long BIMAS.IS': 477.6283124463376, 'long CIMSA.IS': 477.6283124463376, 'long DOAS.IS': 477.6283124463376, 'long DOHOL.IS': 477.6283124463376, 'long ENJSA.IS': 477.6283124463376, 'long ERBOS.IS': 477.6283124463376, 'long GUBRF.IS': 477.6283124463376, 'long GWIND.IS': 477.6283124463376, 'long HALKB.IS': 477.6283124463376, 'long ISFIN.IS': 477.6283124463376, 'long KONTR.IS': 477.6283124463376, 'long KORDS.IS': 477.6283124463376, 'long ODAS.IS': 477.6283124463376, 'long SKBNK.IS': 477.6283124463376, 'long SOKM.IS': 477.6283124463376, 'long TCELL.IS': 477.6283124463376, 'long THYAO.IS': 477.6283124463376, 'long TMSN.IS': 477.6283124463376, 'long TOASO.IS': 477.6283124463376, 'long TSKB.IS': 477.6283124463376, 'long TSPOR.IS': 477.6283124463376, 'long TTKOM.IS': 477.6283124463376, 'long TTRAK.IS': 477.6283124463376, 'long TUKAS.IS': 477.6283124463376, 'long TURSG.IS': 477.6283124463376, 'long ULKER.IS': 477.6283124463376, 'long VAKBN.IS': 477.6283124463376, 'long VESTL.IS': 477.6283124463376}",32,-0.0597281812289762,0.4754300117492676,14992.703477168416,0.0015769022272547,0.49927034771684164,0.0015769022272547,0.5284105998282802,0.0,0.0
2022-09-07,"{'long AKBNK.IS': 611.4186685256517, 'long ALKIM.IS': 611.4186685256517, 'long AYDEM.IS': 611.4186685256517, 'long BAGFS.IS': 611.4186685256517, 'long BIMAS.IS': 611.4186685256517, 'long BUCIM.IS': 611.4186685256517, 'long CIMSA.IS': 611.4186685256517, 'long DOAS.IS': 611.4186685256517, 'long ENJSA.IS': 611.4186685256517, 'long GWIND.IS': 611.4186685256517, 'long HALKB.IS': 611.4186685256517, 'long ISFIN.IS': 611.4186685256517, 'long KONTR.IS': 611.4186685256517, 'long KRDMD.IS': 611.4186685256517, 'long MGROS.IS': 611.4186685256517, 'long SELEC.IS': 611.4186685256517, 'long SKBNK.IS': 611.4186685256517, 'long SOKM.IS': 611.4186685256517, 'long TMSN.IS': 611.4186685256517, 'long TOASO.IS': 611.4186685256517, 'long TSKB.IS': 611.4186685256517, 'long TUKAS.IS': 611.4186685256517, 'long ULKER.IS': 611.4186685256517, 'long VAKBN.IS': 611.4186685256517, 'long YKBNK.IS': 611.4186685256517}",25,-0.0563502915954059,0.4112124443054199,14994.038249015239,8.902809615711175e-05,0.4994038249015238,8.902809615711175e-05,0.5285466713141294,0.0,0.0
2022-09-08,"{'long AKBNK.IS': 621.8183311291684, 'long ALKIM.IS': 621.8183311291684, 'long AYDEM.IS': 621.8183311291684, 'long BIMAS.IS': 621.8183311291684, 'long BUCIM.IS': 621.8183311291684, 'long CIMSA.IS': 621.8183311291684, 'long DOAS.IS': 621.8183311291684, 'long ECILC.IS': 621.8183311291684, 'long EKGYO.IS': 621.8183311291684, 'long GLYHO.IS': 621.8183311291684, 'long GSDHO.IS': 621.8183311291684, 'long GWIND.IS': 621.8183311291684, 'long HALKB.IS': 621.8183311291684, 'long IPEKE.IS': 621.8183311291684, 'long KONTR.IS': 621.8183311291684, 'long SELEC.IS': 621.8183311291684, 'long SOKM.IS': 621.8183311291684, 'long TCELL.IS': 621.8183311291684, 'long TMSN.IS': 621.8183311291684, 'long TSPOR.IS': 621.8183311291684, 'long TTKOM.IS': 621.8183311291684, 'long TUKAS.IS': 621.8183311291684, 'long ULKER.IS': 621.8183311291684, 'long VAKBN.IS': 621.8183311291684, 'long VESTL.IS': 621.8183311291684}",25,-0.0440881459861939,0.4681720733642578,15249.072887113532,0.0170090694623275,0.5249072887113533,0.0170090694623275,0.554545827822921,0.0,0.0
2022-09-09,"{'long ALKIM.IS': 632.7245635950857, 'long AYDEM.IS': 632.7245635950857, 'long BIMAS.IS': 632.7245635950857, 'long BUCIM.IS': 632.7245635950857, 'long CIMSA.IS': 632.7245635950857, 'long DOAS.IS': 632.7245635950857, 'long ECILC.IS': 632.7245635950857, 'long EKGYO.IS': 632.7245635950857, 'long GSDHO.IS': 632.7245635950857, 'long GWIND.IS': 632.7245635950857, 'long HALKB.IS': 632.7245635950857, 'long IPEKE.IS': 632.7245635950857, 'long KOZAL.IS': 632.7245635950857, 'long MGROS.IS': 632.7245635950857, 'long PGSUS.IS': 632.7245635950857, 'long SELEC.IS': 632.7245635950857, 'long SOKM.IS': 632.7245635950857, 'long TCELL.IS': 632.7245635950857, 'long TMSN.IS': 632.7245635950857, 'long TOASO.IS': 632.7245635950857, 'long TSPOR.IS': 632.7245635950857, 'long TUKAS.IS': 632.7245635950857, 'long ULKER.IS': 632.7245635950857, 'long VAKBN.IS': 632.7245635950857, 'long YKBNK.IS': 632.7245635950857}",25,-0.0441035759355014,0.4168989658355713,15516.530318763338,0.0175392585260593,0.5516530318763337,0.0175392585260593,0.5818114089877142,0.0,0.0
2022-09-12,"{'long ALKIM.IS': 398.3907970257302, 'long AYDEM.IS': 398.3907970257302, 'long BAGFS.IS': 398.3907970257302, 'long BIMAS.IS': 398.3907970257302, 'long BRYAT.IS': 398.3907970257302, 'long BUCIM.IS': 398.3907970257302, 'long CIMSA.IS': 398.3907970257302, 'long DOAS.IS': 398.3907970257302, 'long ECILC.IS': 398.3907970257302, 'long EKGYO.IS': 398.3907970257302, 'long FROTO.IS': 398.3907970257302, 'long GLYHO.IS': 398.3907970257302, 'long GUBRF.IS': 398.3907970257302, 'long HALKB.IS': 398.3907970257302, 'long IPEKE.IS': 398.3907970257302, 'long ISCTR.IS': 398.3907970257302, 'long JANTS.IS': 398.3907970257302, 'long KONTR.IS': 398.3907970257302, 'long KOZAA.IS': 398.3907970257302, 'long KOZAL.IS': 398.3907970257302, 'long LOGO.IS': 398.3907970257302, 'long MAVI.IS': 398.3907970257302, 'long MGROS.IS': 398.3907970257302, 'long ODAS.IS': 398.3907970257302, 'long OTKAR.IS': 398.3907970257302, 'long OYAKC.IS': 398.3907970257302, 'long PETKM.IS': 398.3907970257302, 'long PGSUS.IS': 398.3907970257302, 'long SELEC.IS': 398.3907970257302, 'long SNGYO.IS': 398.3907970257302, 'long SOKM.IS': 398.3907970257302, 'long TCELL.IS': 398.3907970257302, 'long TKFEN.IS': 398.3907970257302, 'long TMSN.IS': 398.3907970257302, 'long TSKB.IS': 398.3907970257302, 'long TTKOM.IS': 398.3907970257302, 'long TTRAK.IS': 398.3907970257302, 'long TUKAS.IS': 398.3907970257302, 'long VAKBN.IS': 398.3907970257302, 'long YATAS.IS': 398.3907970257302, 'long YKBNK.IS': 398.3907970257302}",41,-0.075352027953258,0.4123313426971435,16022.602737048275,0.0326150503938995,0.6022602737048275,0.0326150503938995,0.6334022678054938,0.0,0.0
2022-09-13,"{'long AEFES.IS': 396.42888823522486, 'long AKBNK.IS': 396.42888823522486, 'long ALKIM.IS': 396.42888823522486, 'long AYDEM.IS': 396.42888823522486, 'long BAGFS.IS': 396.42888823522486, 'long BIMAS.IS': 396.42888823522486, 'long BUCIM.IS': 396.42888823522486, 'long CIMSA.IS': 396.42888823522486, 'long DOAS.IS': 396.42888823522486, 'long ECILC.IS': 396.42888823522486, 'long EKGYO.IS': 396.42888823522486, 'long FROTO.IS': 396.42888823522486, 'long GLYHO.IS': 396.42888823522486, 'long GUBRF.IS': 396.42888823522486, 'long GWIND.IS': 396.42888823522486, 'long HALKB.IS': 396.42888823522486, 'long IPEKE.IS': 396.42888823522486, 'long ISCTR.IS': 396.42888823522486, 'long JANTS.IS': 396.42888823522486, 'long KONTR.IS': 396.42888823522486, 'long KOZAA.IS': 396.42888823522486, 'long KOZAL.IS': 396.42888823522486, 'long LOGO.IS': 396.42888823522486, 'long MGROS.IS': 396.42888823522486, 'long ODAS.IS': 396.42888823522486, 'long OTKAR.IS': 396.42888823522486, 'long PETKM.IS': 396.42888823522486, 'long PGSUS.IS': 396.42888823522486, 'long SELEC.IS': 396.42888823522486, 'long SNGYO.IS': 396.42888823522486, 'long SOKM.IS': 396.42888823522486, 'long TCELL.IS': 396.42888823522486, 'long TMSN.IS': 396.42888823522486, 'long TSKB.IS': 396.42888823522486, 'long TTKOM.IS': 396.42888823522486, 'long TUKAS.IS': 396.42888823522486, 'long VAKBN.IS': 396.42888823522486, 'long YATAS.IS': 396.42888823522486, 'long YKBNK.IS': 396.42888823522486}",39,-0.0846845922471412,0.4249780178070068,15165.956719923253,-0.0534648478267668,0.5165956719923253,-0.0534648478267668,0.5460726641173772,0.0,0.0
2022-09-14,"{'long AEFES.IS': 1732.3189881476067, 'long AGHOL.IS': 1732.3189881476067, 'long BRYAT.IS': 1732.3189881476067, 'long MAVI.IS': 1732.3189881476067, 'long NTHOL.IS': 1732.3189881476067, 'long SELEC.IS': 1732.3189881476067, 'long SOKM.IS': 1732.3189881476067, 'long TURSG.IS': 1732.3189881476067, 'long VAKBN.IS': 1732.3189881476067}",9,-0.0199439433268944,0.4227077960968017,15293.61967790276,0.0084177319200574,0.5293619677902759,0.0084177319200574,0.5590870893328461,0.0,0.0
2022-09-15,"{'long AEFES.IS': 1378.1493823775202, 'long AGHOL.IS': 1378.1493823775202, 'long BRYAT.IS': 1378.1493823775202, 'long KOZAL.IS': 1378.1493823775202, 'long MAVI.IS': 1378.1493823775202, 'long NTHOL.IS': 1378.1493823775202, 'long SELEC.IS': 1378.1493823775202, 'long SOKM.IS': 1378.1493823775202, 'long TUKAS.IS': 1378.1493823775202, 'long TURSG.IS': 1378.1493823775202, 'long VAKBN.IS': 1378.1493823775202}",11,-0.0214224613851431,0.4081432819366455,14870.613658074226,-0.0276589864752371,0.48706136580742254,-0.0276589864752371,0.5159643206152722,0.0,0.0
2022-09-16,"{'long AEFES.IS': 1883.726680340419, 'long BRYAT.IS': 1883.726680340419, 'long KARSN.IS': 1883.726680340419, 'long MAVI.IS': 1883.726680340419, 'long PGSUS.IS': 1883.726680340419, 'long QUAGR.IS': 1883.726680340419, 'long SELEC.IS': 1883.726680340419, 'long TUKAS.IS': 1883.726680340419}",8,-0.0150826688859302,0.439500093460083,14782.496563971894,-0.0059255855964281,0.4782496563971894,-0.0059255855964281,0.5069813442723352,0.0,0.0
2022-09-19,"{'long AEFES.IS': 1622.7346829793787, 'long AYDEM.IS': 1622.7346829793787, 'long BRYAT.IS': 1622.7346829793787, 'long DOAS.IS': 1622.7346829793787, 'long MAVI.IS': 1622.7346829793787, 'long QUAGR.IS': 1622.7346829793787, 'long SELEC.IS': 1622.7346829793787, 'long SOKM.IS': 1622.7346829793787, 'long TAVHL.IS': 1622.7346829793787}",9,-0.0149428394045492,0.4168431758880615,14326.164666801013,-0.0308697448496663,0.43261646668010134,-0.0308697448496663,0.4604612146814408,0.0,0.0
2022-09-20,"{'long AYDEM.IS': 3718.8671555763467, 'long BRYAT.IS': 3718.8671555763467, 'long QUAGR.IS': 3718.8671555763467, 'long SELEC.IS': 3718.8671555763467}",4,-0.0051273696984397,0.3926630020141601,14591.85706793742,0.0185459547140426,0.45918570679374215,0.0185459547140426,0.4875468622305383,0.0,0.0
2022-09-21,"{'long AYDEM.IS': 3055.293167535112, 'long BRYAT.IS': 3055.293167535112, 'long QUAGR.IS': 3055.293167535112, 'long SELEC.IS': 3055.293167535112, 'long YATAS.IS': 3055.293167535112}",5,-0.0091988262112936,0.4184138774871826,14985.208981741913,0.0269569467390686,0.4985208981741913,0.0269569467390686,0.5276465837675557,0.0,0.0
2022-09-22,"{'long AYDEM.IS': 2567.9574413233336, 'long BRYAT.IS': 2567.9574413233336, 'long QUAGR.IS': 2567.9574413233336, 'long SELEC.IS': 2567.9574413233336, 'long SOKM.IS': 2567.9574413233336, 'long ULKER.IS': 2567.9574413233336}",6,-0.010566894171726,0.4368875026702881,15113.984866661278,0.0085935328013287,0.5113984866661279,0.0085935328013287,0.5407744647939998,0.0,0.0
2022-09-23,"{'long AYDEM.IS': 1757.95538291941, 'long BRYAT.IS': 1757.95538291941, 'long GWIND.IS': 1757.95538291941, 'long OTKAR.IS': 1757.95538291941, 'long QUAGR.IS': 1757.95538291941, 'long SELEC.IS': 1757.95538291941, 'long SOKM.IS': 1757.95538291941, 'long ULKER.IS': 1757.95538291941, 'long YYLGD.IS': 1757.95538291941}",9,-0.0132462102524165,0.4132189750671386,15519.948243389297,0.0268601153375177,0.5519948243389297,0.0268601153375177,0.582159844627469,0.0,0.0
2022-09-26,"{'long AYDEM.IS': 1765.1213086843836, 'long BRYAT.IS': 1765.1213086843836, 'long GOZDE.IS': 1765.1213086843836, 'long KONTR.IS': 1765.1213086843836, 'long OTKAR.IS': 1765.1213086843836, 'long QUAGR.IS': 1765.1213086843836, 'long SELEC.IS': 1765.1213086843836, 'long SOKM.IS': 1765.1213086843836, 'long ULKER.IS': 1765.1213086843836}",9,-0.0146981264452036,0.4482996463775635,15583.21196331583,0.0040762842075507,0.5583211963315831,0.0040762842075507,0.588609177815945,0.0,0.0
2022-09-27,"{'long AYDEM.IS': 2248.89909316719, 'long HEKTS.IS': 2248.89909316719, 'long KONTR.IS': 2248.89909316719, 'long OTKAR.IS': 2248.89909316719, 'long QUAGR.IS': 2248.89909316719, 'long SELEC.IS': 2248.89909316719, 'long ULKER.IS': 2248.89909316719}",7,-0.016174095768105,0.6564202308654785,15442.15545246923,-0.0090518252064248,0.5442155452469228,-0.0090518252064248,0.5742293652170327,0.0,0.0
2022-09-28,"{'long DEVA.IS': 3157.9715685991428, 'long KONTR.IS': 3157.9715685991428, 'long QUAGR.IS': 3157.9715685991428, 'long SASA.IS': 3157.9715685991428, 'long SELEC.IS': 3157.9715685991428}",5,-0.0106970375126085,0.6415081024169922,15488.812797639204,0.0030214269836609,0.5488812797639204,0.0030214269836609,0.5789857842995711,0.0,0.0
2022-09-29,"{'long ALKIM.IS': 1949.127667850133, 'long BAGFS.IS': 1949.127667850133, 'long DEVA.IS': 1949.127667850133, 'long HEKTS.IS': 1949.127667850133, 'long KONTR.IS': 1949.127667850133, 'long OTKAR.IS': 1949.127667850133, 'long QUAGR.IS': 1949.127667850133, 'long TOASO.IS': 1949.127667850133}",8,-0.015017983237779,0.7046248912811279,15295.729127502822,-0.0124660083803074,0.5295729127502822,-0.0124660083803074,0.5593021342801063,0.0,0.0
2022-09-30,"{'long ALKIM.IS': 3145.582040923327, 'long KONTR.IS': 3145.582040923327, 'long ODAS.IS': 3145.582040923327, 'long QUAGR.IS': 3145.582040923327, 'long VESTL.IS': 3145.582040923327}",5,-0.0064257382966153,0.6711101531982422,15428.04623573282,0.0086505917519213,0.542804623573282,0.0086505917519213,0.5727910204616631,0.0,0.0
2022-10-03,"{'long ALKIM.IS': 1820.5794907049294, 'long EGEEN.IS': 1820.5794907049294, 'long ISFIN.IS': 1820.5794907049294, 'long KONTR.IS': 1820.5794907049294, 'long ODAS.IS': 1820.5794907049294, 'long OTKAR.IS': 1820.5794907049294, 'long QUAGR.IS': 1820.5794907049294, 'long TTRAK.IS': 1820.5794907049294, 'long VESTL.IS': 1820.5794907049294}",9,-0.0115931438506482,0.6353535652160645,16072.81944880387,0.0417922790234899,0.607281944880387,0.0417922790234899,0.6385215416344363,0.0,0.0
2022-10-04,"{'long ALKIM.IS': 1856.339997716693, 'long EGEEN.IS': 1856.339997716693, 'long ISFIN.IS': 1856.339997716693, 'long KONTR.IS': 1856.339997716693, 'long ODAS.IS': 1856.339997716693, 'long OTKAR.IS': 1856.339997716693, 'long QUAGR.IS': 1856.339997716693, 'long TTRAK.IS': 1856.339997716693, 'long VESTL.IS': 1856.339997716693}",9,-0.0177649132412623,0.6612081527709961,16388.527812834272,0.0196423760645117,0.6388527812834273,0.0196423760645117,0.6707059979450234,0.0,0.0
2022-10-05,"{'long ALKIM.IS': 1291.723812735633, 'long ASELS.IS': 1291.723812735633, 'long BUCIM.IS': 1291.723812735633, 'long GUBRF.IS': 1291.723812735633, 'long HEKTS.IS': 1291.723812735633, 'long ISFIN.IS': 1291.723812735633, 'long KONTR.IS': 1291.723812735633, 'long ODAS.IS': 1291.723812735633, 'long QUAGR.IS': 1291.723812735633, 'long SASA.IS': 1291.723812735633, 'long TTRAK.IS': 1291.723812735633, 'long TUKAS.IS': 1291.723812735633, 'long VESTL.IS': 1291.723812735633}",13,-0.0285490306293875,0.621164083480835,16472.250147436956,0.0051085939846968,0.6472250147436955,0.0051085939846968,0.6792409565563222,0.0,0.0
2022-10-06,"{'long AKSA.IS': 1441.2960562091623, 'long ALKIM.IS': 1441.2960562091623, 'long GOZDE.IS': 1441.2960562091623, 'long ISFIN.IS': 1441.2960562091623, 'long KONTR.IS': 1441.2960562091623, 'long MAVI.IS': 1441.2960562091623, 'long ODAS.IS': 1441.2960562091623, 'long QUAGR.IS': 1441.2960562091623, 'long SASA.IS': 1441.2960562091623, 'long TTRAK.IS': 1441.2960562091623, 'long VESTL.IS': 1441.2960562091623, 'long YYLGD.IS': 1441.2960562091623}",12,-0.0251604994827431,0.72829270362854,16965.80046957332,0.029962531998894,0.6965800469573322,0.029962531998894,0.7295552674509946,0.0,0.0
2022-10-07,"{'long ALKIM.IS': 1470.2485076403636, 'long GOZDE.IS': 1470.2485076403636, 'long GUBRF.IS': 1470.2485076403636, 'long ISFIN.IS': 1470.2485076403636, 'long KONTR.IS': 1470.2485076403636, 'long MAVI.IS': 1470.2485076403636, 'long ODAS.IS': 1470.2485076403636, 'long QUAGR.IS': 1470.2485076403636, 'long SASA.IS': 1470.2485076403636, 'long TTRAK.IS': 1470.2485076403636, 'long VESTL.IS': 1470.2485076403636, 'long YYLGD.IS': 1470.2485076403636}",12,-0.0272759700467346,0.7102816104888916,17306.605893948596,0.0200877892550062,0.7306605893948597,0.0200877892550062,0.764298209168436,0.0,0.0
2022-10-10,"{'long ALKIM.IS': 1363.522691354873, 'long BERA.IS': 1363.522691354873, 'long EGEEN.IS': 1363.522691354873, 'long GOZDE.IS': 1363.522691354873, 'long HEKTS.IS': 1363.522691354873, 'long ISFIN.IS': 1363.522691354873, 'long KONTR.IS': 1363.522691354873, 'long NTHOL.IS': 1363.522691354873, 'long ODAS.IS': 1363.522691354873, 'long SASA.IS': 1363.522691354873, 'long SISE.IS': 1363.522691354873, 'long TTRAK.IS': 1363.522691354873, 'long YYLGD.IS': 1363.522691354873}",13,-0.0300718894063155,0.7557206153869629,17387.83990219797,0.0046938151100892,0.7387839902197972,0.0046938151100892,0.7725794987613344,0.0,0.0
2022-10-11,"{'long ALKIM.IS': 1176.315705917712, 'long ASELS.IS': 1176.315705917712, 'long BUCIM.IS': 1176.315705917712, 'long DEVA.IS': 1176.315705917712, 'long EGEEN.IS': 1176.315705917712, 'long GWIND.IS': 1176.315705917712, 'long ISFIN.IS': 1176.315705917712, 'long JANTS.IS': 1176.315705917712, 'long KONTR.IS': 1176.315705917712, 'long NTHOL.IS': 1176.315705917712, 'long ODAS.IS': 1176.315705917712, 'long SASA.IS': 1176.315705917712, 'long SELEC.IS': 1176.315705917712, 'long VESTL.IS': 1176.315705917712, 'long YYLGD.IS': 1176.315705917712}",15,-0.0263232405005977,0.6673002243041992,17308.325959341444,-0.0045729626741316,0.7308325959341444,-0.0045729626741316,0.7644735588765679,0.0,0.0
2022-10-12,"{'long AKFGY.IS': 978.3814552083843, 'long ALKIM.IS': 978.3814552083843, 'long BUCIM.IS': 978.3814552083843, 'long EGEEN.IS': 978.3814552083843, 'long GWIND.IS': 978.3814552083843, 'long ISFIN.IS': 978.3814552083843, 'long JANTS.IS': 978.3814552083843, 'long KONTR.IS': 978.3814552083843, 'long ODAS.IS': 978.3814552083843, 'long SASA.IS': 978.3814552083843}",10,-0.0216464169419329,1.5172076225280762,16934.145139321536,-0.0216185447916157,0.6934145139321535,-0.0216185447916157,-0.0216185447916157,0.0,0.0
2022-10-13,"{'long AKSEN.IS': 1090.377645299182, 'long ALKIM.IS': 1090.377645299182, 'long BUCIM.IS': 1090.377645299182, 'long DEVA.IS': 1090.377645299182, 'long EGEEN.IS': 1090.377645299182, 'long KONTR.IS': 1090.377645299182, 'long NTHOL.IS': 1090.377645299182, 'long ODAS.IS': 1090.377645299182, 'long PRKAB.IS': 1090.377645299182}",9,-0.0147789371610349,1.363459587097168,16985.350533255685,0.0030237956219738,0.6985350533255685,0.0030237956219738,-0.0186601192307361,0.0,0.0
2022-10-14,"{'long AKFGY.IS': 1019.6813642723015, 'long AKSEN.IS': 1019.6813642723015, 'long BERA.IS': 1019.6813642723015, 'long ECILC.IS': 1019.6813642723015, 'long GLYHO.IS': 1019.6813642723015, 'long KARTN.IS': 1019.6813642723015, 'long KONTR.IS': 1019.6813642723015, 'long NTHOL.IS': 1019.6813642723015, 'long ODAS.IS': 1019.6813642723015, 'long QUAGR.IS': 1019.6813642723015}",10,-0.0179182398082493,1.286628007888794,17648.977427490976,0.0390705445222323,0.7648977427490975,0.0390705445222323,0.0196813642723014,0.0,0.0
2022-10-17,"{'long AEFES.IS': 581.8964867166475, 'long AKFGY.IS': 581.8964867166475, 'long AKSEN.IS': 581.8964867166475, 'long BERA.IS': 581.8964867166475, 'long DEVA.IS': 581.8964867166475, 'long ECILC.IS': 581.8964867166475, 'long GLYHO.IS': 581.8964867166475, 'long GSDHO.IS': 581.8964867166475, 'long GWIND.IS': 581.8964867166475, 'long IPEKE.IS': 581.8964867166475, 'long KARTN.IS': 581.8964867166475, 'long KONTR.IS': 581.8964867166475, 'long MAVI.IS': 581.8964867166475, 'long NTHOL.IS': 581.8964867166475, 'long ODAS.IS': 581.8964867166475, 'long PRKAB.IS': 581.8964867166475, 'long QUAGR.IS': 581.8964867166475, 'long YKBNK.IS': 581.8964867166475}",18,-0.030206428432843,1.803788185119629,18128.9773200372,0.0271970370248506,0.8128977320037201,0.0271970370248506,0.0474136760899654,0.0,0.0
2022-10-18,"{'long AKFGY.IS': 548.8739831333293, 'long AKSEN.IS': 548.8739831333293, 'long BERA.IS': 548.8739831333293, 'long DEVA.IS': 548.8739831333293, 'long ECILC.IS': 548.8739831333293, 'long GLYHO.IS': 548.8739831333293, 'long GSDHO.IS': 548.8739831333293, 'long GWIND.IS': 548.8739831333293, 'long IPEKE.IS': 548.8739831333293, 'long KARTN.IS': 548.8739831333293, 'long KONTR.IS': 548.8739831333293, 'long LOGO.IS': 548.8739831333293, 'long MAVI.IS': 548.8739831333293, 'long NTHOL.IS': 548.8739831333293, 'long ODAS.IS': 548.8739831333293, 'long PRKAB.IS': 548.8739831333293, 'long QUAGR.IS': 548.8739831333293, 'long SNGYO.IS': 548.8739831333293, 'long YKBNK.IS': 548.8739831333293}",19,-0.0383457676987832,1.6370770931243896,18050.17064028011,-0.0043470008465392,0.805017064028011,-0.0043470008465392,0.0428605679533258,0.0,0.0
2022-10-19,"{'long AKBNK.IS': 476.3444295529935, 'long AKFGY.IS': 476.3444295529935, 'long AKSEN.IS': 476.3444295529935, 'long ALGYO.IS': 476.3444295529935, 'long BERA.IS': 476.3444295529935, 'long ECILC.IS': 476.3444295529935, 'long EGEEN.IS': 476.3444295529935, 'long GLYHO.IS': 476.3444295529935, 'long GSDHO.IS': 476.3444295529935, 'long IPEKE.IS': 476.3444295529935, 'long ISMEN.IS': 476.3444295529935, 'long KARTN.IS': 476.3444295529935, 'long KONTR.IS': 476.3444295529935, 'long NTHOL.IS': 476.3444295529935, 'long PRKAB.IS': 476.3444295529935, 'long QUAGR.IS': 476.3444295529935, 'long SASA.IS': 476.3444295529935, 'long TAVHL.IS': 476.3444295529935, 'long TCELL.IS': 476.3444295529935, 'long TTRAK.IS': 476.3444295529935, 'long ULKER.IS': 476.3444295529935}",21,-0.035313657306937,0.9615960121154784,18056.006297654687,0.0003233020612864,0.8056006297654685,0.0003233020612864,0.0003233020612864,0.0,0.0
2022-10-20,"{'long AKBNK.IS': 559.3474039784952, 'long AKFGY.IS': 559.3474039784952, 'long BERA.IS': 559.3474039784952, 'long BRYAT.IS': 559.3474039784952, 'long DOHOL.IS': 559.3474039784952, 'long ECILC.IS': 559.3474039784952, 'long GARAN.IS': 559.3474039784952, 'long GLYHO.IS': 559.3474039784952, 'long GSDHO.IS': 559.3474039784952, 'long ISMEN.IS': 559.3474039784952, 'long KARTN.IS': 559.3474039784952, 'long KONTR.IS': 559.3474039784952, 'long LOGO.IS': 559.3474039784952, 'long MAVI.IS': 559.3474039784952, 'long PRKAB.IS': 559.3474039784952, 'long SASA.IS': 559.3474039784952, 'long TTRAK.IS': 559.3474039784952, 'long ULKER.IS': 559.3474039784952}",18,-0.0281192618619127,1.102184772491455,18173.36896021716,0.006499923661287,0.817336896021716,0.006499923661287,0.0068253271612914,0.0,0.0
2022-10-21,"{'long AKBNK.IS': 532.8530536371461, 'long AKFGY.IS': 532.8530536371461, 'long BERA.IS': 532.8530536371461, 'long BRYAT.IS': 532.8530536371461, 'long BUCIM.IS': 532.8530536371461, 'long CCOLA.IS': 532.8530536371461, 'long CIMSA.IS': 532.8530536371461, 'long ECILC.IS': 532.8530536371461, 'long GLYHO.IS': 532.8530536371461, 'long GSDHO.IS': 532.8530536371461, 'long KARTN.IS': 532.8530536371461, 'long KONTR.IS': 532.8530536371461, 'long LOGO.IS': 532.8530536371461, 'long PRKAB.IS': 532.8530536371461, 'long QUAGR.IS': 532.8530536371461, 'long SASA.IS': 532.8530536371461, 'long TRGYO.IS': 532.8530536371461, 'long ULKER.IS': 532.8530536371461, 'long VAKBN.IS': 532.8530536371461}",19,-0.0292735322612524,0.8478729724884033,18399.096776119855,0.0124208019105777,0.8399096776119857,0.0124208019105777,0.0124208019105777,0.0,0.0
2022-10-24,"{'long AKBNK.IS': 462.99325215426614, 'long AKFGY.IS': 462.99325215426614, 'long AKSEN.IS': 462.99325215426614, 'long ALKIM.IS': 462.99325215426614, 'long BERA.IS': 462.99325215426614, 'long BRYAT.IS': 462.99325215426614, 'long BUCIM.IS': 462.99325215426614, 'long ECILC.IS': 462.99325215426614, 'long GLYHO.IS': 462.99325215426614, 'long GSDHO.IS': 462.99325215426614, 'long ISGYO.IS': 462.99325215426614, 'long KARTN.IS': 462.99325215426614, 'long KONTR.IS': 462.99325215426614, 'long LOGO.IS': 462.99325215426614, 'long NUGYO.IS': 462.99325215426614, 'long PRKAB.IS': 462.99325215426614, 'long QUAGR.IS': 462.99325215426614, 'long SASA.IS': 462.99325215426614, 'long TKFEN.IS': 462.99325215426614, 'long TTRAK.IS': 462.99325215426614, 'long ULKER.IS': 462.99325215426614, 'long YYLGD.IS': 462.99325215426614}",22,-0.0320876974656476,1.313427448272705,18741.046836768975,0.0185851547393855,0.8741046836768975,0.0185851547393855,0.0185851547393855,0.0,0.0
2022-10-25,"{'long AKFGY.IS': 428.02604439395384, 'long AKSEN.IS': 428.02604439395384, 'long BERA.IS': 428.02604439395384, 'long BRYAT.IS': 428.02604439395384, 'long BUCIM.IS': 428.02604439395384, 'long CEMTS.IS': 428.02604439395384, 'long CIMSA.IS': 428.02604439395384, 'long DEVA.IS': 428.02604439395384, 'long ECILC.IS': 428.02604439395384, 'long GSDHO.IS': 428.02604439395384, 'long ISGYO.IS': 428.02604439395384, 'long KARTN.IS': 428.02604439395384, 'long KONTR.IS': 428.02604439395384, 'long LOGO.IS': 428.02604439395384, 'long NTHOL.IS': 428.02604439395384, 'long NUGYO.IS': 428.02604439395384, 'long PRKAB.IS': 428.02604439395384, 'long SASA.IS': 428.02604439395384, 'long TKFEN.IS': 428.02604439395384, 'long TRGYO.IS': 428.02604439395384, 'long TTRAK.IS': 428.02604439395384, 'long ULKER.IS': 428.02604439395384, 'long YYLGD.IS': 428.02604439395384}",23,-0.0345355833095976,1.635000467300415,18449.809134291303,-0.0155400978939062,0.8449809134291304,-0.0155400978939062,-0.0155400978939062,0.0,0.0
2022-10-26,"{'long AKFGY.IS': 507.83946789188025, 'long BUCIM.IS': 507.83946789188025, 'long DEVA.IS': 507.83946789188025, 'long ECILC.IS': 507.83946789188025, 'long GOZDE.IS': 507.83946789188025, 'long GSDHO.IS': 507.83946789188025, 'long ISGYO.IS': 507.83946789188025, 'long KARTN.IS': 507.83946789188025, 'long KONTR.IS': 507.83946789188025, 'long LOGO.IS': 507.83946789188025, 'long NTHOL.IS': 507.83946789188025, 'long PRKAB.IS': 507.83946789188025, 'long QUAGR.IS': 507.83946789188025, 'long SASA.IS': 507.83946789188025, 'long TKFEN.IS': 507.83946789188025, 'long TRGYO.IS': 507.83946789188025, 'long TSKB.IS': 507.83946789188025, 'long TSPOR.IS': 507.83946789188025, 'long TTRAK.IS': 507.83946789188025, 'long ULKER.IS': 507.83946789188025}",20,-0.0289115618478602,1.623344898223877,18739.082506930492,0.0156789357837604,0.8739082506930493,0.0156789357837604,0.0156789357837604,0.0,0.0
2022-10-27,"{'long AKFGY.IS': 434.5925257452144, 'long AKSEN.IS': 434.5925257452144, 'long BRYAT.IS': 434.5925257452144, 'long CIMSA.IS': 434.5925257452144, 'long DEVA.IS': 434.5925257452144, 'long ECILC.IS': 434.5925257452144, 'long EGEEN.IS': 434.5925257452144, 'long GOZDE.IS': 434.5925257452144, 'long GSDHO.IS': 434.5925257452144, 'long ISFIN.IS': 434.5925257452144, 'long ISGYO.IS': 434.5925257452144, 'long KARTN.IS': 434.5925257452144, 'long LOGO.IS': 434.5925257452144, 'long MAVI.IS': 434.5925257452144, 'long NTHOL.IS': 434.5925257452144, 'long PRKAB.IS': 434.5925257452144, 'long QUAGR.IS': 434.5925257452144, 'long SASA.IS': 434.5925257452144, 'long TSKB.IS': 434.5925257452144, 'long TSPOR.IS': 434.5925257452144, 'long TTRAK.IS': 434.5925257452144, 'long ULKER.IS': 434.5925257452144, 'long VESTL.IS': 434.5925257452144}",23,-0.034570456026273066,0.9639284610748291,18730.88995272024,-0.000437190786006795,0.8730889952720242,-0.000437190786006795,-0.000437190786006795,0.0,0.0
